crossing time (s)	slope (V/s)	crossing number
281474976710655.000000	10.978512	11860	90369228800.000000
281474976710655.000000	9.799247	11861	90370269184.000000
281474976710655.000000	13.409321	11862	90371309568.000000
281474976710655.000000	11.409049	11863	90372341760.000000
281474976710655.000000	10.719955	11864	90373382144.000000
281474976710655.000000	14.859461	11865	90374422528.000000
281474976710655.000000	14.143965	11866	90375462912.000000
281474976710655.000000	11.644705	11867	90376495104.000000
281474976710655.000000	10.452625	11868	90377535488.000000
281474976710655.000000	13.160286	11869	90378575872.000000
281474976710655.000000	12.434572	11870	90379616256.000000
281474976710655.000000	12.992191	11871	90380648448.000000
281474976710655.000000	12.070356	11872	90381688832.000000
281474976710655.000000	14.412829	11873	90382721024.000000
281474976710655.000000	11.220928	11874	90383761408.000000
281474976710655.000000	11.435965	11875	90384801792.000000
281474976710655.000000	11.480145	11876	90385842176.000000
281474976710655.000000	11.886130	11877	90386874368.000000
281474976710655.000000	10.275435	11878	90387914752.000000
281474976710655.000000	13.751053	11879	90388955136.000000
281474976710655.000000	11.106633	11880	90389987328.000000
281474976710655.000000	12.284388	11881	90391027712.000000
281474976710655.000000	9.505481	11882	90392068096.000000
281474976710655.000000	11.362209	11883	90393108480.000000
281474976710655.000000	11.526766	11884	90394140672.000000
281474976710655.000000	11.445263	11885	90395181056.000000
281474976710655.000000	11.727345	11886	90396213248.000000
281474976710655.000000	11.652758	11887	90397253632.000000
281474976710655.000000	10.910086	11888	90398294016.000000
281474976710655.000000	11.060307	11889	90399334400.000000
281474976710655.000000	9.862823	11890	90400374784.000000
281474976710655.000000	11.821656	11891	90401406976.000000
281474976710655.000000	11.513691	11892	90402447360.000000
281474976710655.000000	12.373349	11893	90403479552.000000
281474976710655.000000	11.072124	11894	90404519936.000000
281474976710655.000000	10.473228	11895	90405560320.000000
281474976710655.000000	11.066935	11896	90406600704.000000
281474976710655.000000	10.483830	11897	90407632896.000000
281474976710655.000000	11.170274	11898	90408673280.000000
281474976710655.000000	11.072463	11899	90409705472.000000
281474976710655.000000	11.355973	11900	90410754048.000000
281474976710655.000000	11.962626	11901	90411786240.000000
281474976710655.000000	10.681458	11902	90412826624.000000
281474976710655.000000	10.247235	11903	90413858816.000000
281474976710655.000000	11.905358	11904	90414899200.000000
281474976710655.000000	10.007731	11905	90415939584.000000
281474976710655.000000	10.527475	11906	90416979968.000000
281474976710655.000000	11.905877	11907	90418012160.000000
281474976710655.000000	11.650537	11908	90419052544.000000
281474976710655.000000	11.025016	11909	90420084736.000000
281474976710655.000000	11.172891	11910	90421125120.000000
281474976710655.000000	12.482710	11911	90422165504.000000
281474976710655.000000	11.041016	11912	90423205888.000000
281474976710655.000000	12.585237	11913	90424238080.000000
281474976710655.000000	11.659931	11914	90425278464.000000
281474976710655.000000	11.730038	11915	90426318848.000000
281474976710655.000000	11.929562	11916	90427359232.000000
281474976710655.000000	10.433699	11917	90428391424.000000
281474976710655.000000	11.347936	11918	90429431808.000000
281474976710655.000000	10.975918	11919	90430472192.000000
281474976710655.000000	12.803577	11920	90431504384.000000
281474976710655.000000	12.342471	11921	90432544768.000000
281474976710655.000000	10.957537	11922	90433585152.000000
281474976710655.000000	12.216773	11923	90434617344.000000
281474976710655.000000	11.044384	11924	90435657728.000000
281474976710655.000000	10.507899	11925	90436698112.000000
281474976710655.000000	10.322567	11926	90437730304.000000
281474976710655.000000	9.674747	11927	90438770688.000000
281474976710655.000000	11.566485	11928	90439811072.000000
281474976710655.000000	13.193715	11929	90440851456.000000
281474976710655.000000	11.948288	11930	90441883648.000000
281474976710655.000000	12.238996	11931	90442924032.000000
281474976710655.000000	8.968409	11932	90443964416.000000
281474976710655.000000	10.766325	11933	90444996608.000000
281474976710655.000000	10.929360	11934	90446036992.000000
281474976710655.000000	10.467958	11935	90447077376.000000
281474976710655.000000	10.471486	11936	90448117760.000000
281474976710655.000000	12.605227	11937	90449149952.000000
281474976710655.000000	10.322137	11938	90450190336.000000
281474976710655.000000	9.882099	11939	90451222528.000000
281474976710655.000000	10.471798	11940	90452271104.000000
281474976710655.000000	11.006121	11941	90453303296.000000
281474976710655.000000	11.479194	11942	90454343680.000000
281474976710655.000000	11.138148	11943	90455375872.000000
281474976710655.000000	11.278702	11944	90456416256.000000
281474976710655.000000	11.638785	11945	90457456640.000000
281474976710655.000000	8.872029	11946	90458497024.000000
281474976710655.000000	10.352404	11947	90459529216.000000
281474976710655.000000	10.511341	11948	90460569600.000000
281474976710655.000000	9.534086	11949	90461601792.000000
281474976710655.000000	11.846093	11950	90462650368.000000
281474976710655.000000	11.544710	11951	90463682560.000000
281474976710655.000000	10.850547	11952	90464722944.000000
281474976710655.000000	11.529897	11953	90465755136.000000
281474976710655.000000	11.294571	11954	90466795520.000000
281474976710655.000000	10.222035	11955	90467835904.000000
281474976710655.000000	9.936803	11956	90468876288.000000
281474976710655.000000	10.726912	11957	90469908480.000000
281474976710655.000000	10.822230	11958	90470948864.000000
281474976710655.000000	11.458327	11959	90471981056.000000
281474976710655.000000	10.380537	11960	90473029632.000000
281474976710655.000000	11.282847	11961	90474061824.000000
281474976710655.000000	9.486509	11962	90475102208.000000
281474976710655.000000	10.301981	11963	90476134400.000000
281474976710655.000000	10.579290	11964	90477174784.000000
281474976710655.000000	10.866583	11965	90478206976.000000
281474976710655.000000	10.315363	11966	90479255552.000000
281474976710655.000000	9.889682	11967	90480287744.000000
281474976710655.000000	9.614323	11968	90481328128.000000
281474976710655.000000	11.407444	11969	90482360320.000000
281474976710655.000000	11.430935	11970	90483400704.000000
281474976710655.000000	10.567309	11971	90484441088.000000
281474976710655.000000	9.960861	11972	90485481472.000000
281474976710655.000000	9.880201	11973	90486513664.000000
281474976710655.000000	10.015295	11974	90487554048.000000
281474976710655.000000	11.269143	11975	90488594432.000000
281474976710655.000000	9.624184	11976	90489626624.000000
281474976710655.000000	10.001957	11977	90490667008.000000
281474976710655.000000	9.643718	11978	90491707392.000000
281474976710655.000000	8.969015	11979	90492747776.000000
281474976710655.000000	9.516972	11980	90493779968.000000
281474976710655.000000	11.690735	11981	90494820352.000000
281474976710655.000000	11.722495	11982	90495860736.000000
281474976710655.000000	11.253572	11983	90496892928.000000
281474976710655.000000	9.559921	11984	90497933312.000000
281474976710655.000000	9.850054	11985	90498973696.000000
281474976710655.000000	9.158612	11986	90500014080.000000
281474976710655.000000	11.315085	11987	90501046272.000000
281474976710655.000000	10.068771	11988	90502086656.000000
281474976710655.000000	10.268009	11989	90503118848.000000
281474976710655.000000	10.316868	11990	90504159232.000000
281474976710655.000000	10.532306	11991	90505199616.000000
281474976710655.000000	10.210593	11992	90506240000.000000
281474976710655.000000	9.599350	11993	90507272192.000000
281474976710655.000000	10.650246	11994	90508312576.000000
281474976710655.000000	10.203767	11995	90509344768.000000
281474976710655.000000	10.538371	11996	90510393344.000000
281474976710655.000000	10.280925	11997	90511425536.000000
281474976710655.000000	10.255174	11998	90512465920.000000
281474976710655.000000	10.686511	11999	90513498112.000000
281474976710655.000000	10.522233	12000	90514538496.000000
281474976710655.000000	9.474642	12001	90515578880.000000
281474976710655.000000	10.322629	12002	90516619264.000000
281474976710655.000000	8.649623	12003	90517651456.000000
281474976710655.000000	9.837214	12004	90518691840.000000
281474976710655.000000	9.885267	12005	90519732224.000000
281474976710655.000000	9.790106	12006	90520772608.000000
281474976710655.000000	9.014290	12007	90521804800.000000
281474976710655.000000	10.135847	12008	90522845184.000000
281474976710655.000000	10.150208	12009	90523877376.000000
281474976710655.000000	9.212729	12010	90524917760.000000
281474976710655.000000	8.038532	12011	90525958144.000000
281474976710655.000000	9.204272	12012	90526998528.000000
281474976710655.000000	10.057547	12013	90528030720.000000
281474976710655.000000	9.570931	12014	90529071104.000000
281474976710655.000000	10.365414	12015	90530111488.000000
281474976710655.000000	9.500441	12016	90531143680.000000
281474976710655.000000	8.917954	12017	90532184064.000000
281474976710655.000000	9.502595	12018	90533224448.000000
281474976710655.000000	10.697303	12019	90534256640.000000
281474976710655.000000	9.939560	12020	90535297024.000000
281474976710655.000000	9.672504	12021	90536337408.000000
281474976710655.000000	9.195374	12022	90537369600.000000
281474976710655.000000	9.819293	12023	90538409984.000000
281474976710655.000000	10.521651	12024	90539450368.000000
281474976710655.000000	10.064388	12025	90540490752.000000
281474976710655.000000	9.203832	12026	90541522944.000000
281474976710655.000000	10.821583	12027	90542563328.000000
281474976710655.000000	8.127583	12028	90543603712.000000
281474976710655.000000	9.752426	12029	90544644096.000000
281474976710655.000000	7.898419	12030	90545676288.000000
281474976710655.000000	11.140865	12031	90546716672.000000
281474976710655.000000	10.108558	12032	90547748864.000000
281474976710655.000000	10.051212	12033	90548789248.000000
281474976710655.000000	9.212677	12034	90549829632.000000
281474976710655.000000	9.764430	12035	90550870016.000000
281474976710655.000000	8.604445	12036	90551902208.000000
281474976710655.000000	10.347260	12037	90552942592.000000
281474976710655.000000	10.034521	12038	90553982976.000000
281474976710655.000000	9.753070	12039	90555015168.000000
281474976710655.000000	10.051388	12040	90556055552.000000
281474976710655.000000	9.463164	12041	90557087744.000000
281474976710655.000000	9.274841	12042	90558128128.000000
281474976710655.000000	9.630976	12043	90559168512.000000
281474976710655.000000	8.852795	12044	90560208896.000000
281474976710655.000000	10.250506	12045	90561249280.000000
281474976710655.000000	9.526642	12046	90562281472.000000
281474976710655.000000	9.956865	12047	90563321856.000000
281474976710655.000000	9.295028	12048	90564354048.000000
281474976710655.000000	9.336642	12049	90565394432.000000
281474976710655.000000	9.515036	12050	90566434816.000000
281474976710655.000000	9.319637	12051	90567475200.000000
281474976710655.000000	8.104361	12052	90568507392.000000
281474976710655.000000	9.200768	12053	90569547776.000000
281474976710655.000000	9.314432	12054	90570588160.000000
281474976710655.000000	9.256766	12055	90571628544.000000
281474976710655.000000	9.154358	12056	90572660736.000000
281474976710655.000000	10.645700	12057	90573701120.000000
281474976710655.000000	9.018814	12058	90574733312.000000
281474976710655.000000	9.374659	12059	90575773696.000000
281474976710655.000000	9.078204	12060	90576814080.000000
281474976710655.000000	8.727569	12061	90577854464.000000
281474976710655.000000	8.857035	12062	90578886656.000000
281474976710655.000000	9.019742	12063	90579927040.000000
281474976710655.000000	8.905484	12064	90580967424.000000
281474976710655.000000	9.259439	12065	90582007808.000000
281474976710655.000000	8.990256	12066	90583040000.000000
281474976710655.000000	7.984836	12067	90584080384.000000
281474976710655.000000	8.937234	12068	90585112576.000000
281474976710655.000000	9.810475	12069	90586152960.000000
281474976710655.000000	8.947211	12070	90587193344.000000
281474976710655.000000	9.264867	12071	90588233728.000000
281474976710655.000000	8.326001	12072	90589265920.000000
281474976710655.000000	9.049881	12073	90590306304.000000
281474976710655.000000	8.329816	12074	90591338496.000000
281474976710655.000000	9.406718	12075	90592387072.000000
281474976710655.000000	8.671020	12076	90593419264.000000
281474976710655.000000	9.343076	12077	90594459648.000000
281474976710655.000000	7.854998	12078	90595491840.000000
281474976710655.000000	9.537793	12079	90596532224.000000
281474976710655.000000	8.978910	12080	90597572608.000000
281474976710655.000000	8.999229	12081	90598612992.000000
281474976710655.000000	8.772671	12082	90599645184.000000
281474976710655.000000	9.070189	12083	90600685568.000000
281474976710655.000000	8.726906	12084	90601717760.000000
281474976710655.000000	9.632233	12085	90602758144.000000
281474976710655.000000	8.236486	12086	90603798528.000000
281474976710655.000000	9.006977	12087	90604838912.000000
281474976710655.000000	8.710735	12088	90605871104.000000
281474976710655.000000	8.864813	12089	90606911488.000000
281474976710655.000000	9.048970	12090	90607951872.000000
281474976710655.000000	8.711075	12091	90608984064.000000
281474976710655.000000	8.845518	12092	90610024448.000000
281474976710655.000000	9.640012	12093	90611064832.000000
281474976710655.000000	8.587116	12094	90612105216.000000
281474976710655.000000	8.243881	12095	90613137408.000000
281474976710655.000000	8.218325	12096	90614177792.000000
281474976710655.000000	8.756104	12097	90615218176.000000
281474976710655.000000	8.210491	12098	90616250368.000000
281474976710655.000000	8.233657	12099	90617290752.000000
281474976710655.000000	8.509906	12100	90618331136.000000
281474976710655.000000	8.977480	12101	90619363328.000000
281474976710655.000000	8.398755	12102	90620403712.000000
281474976710655.000000	8.878799	12103	90621444096.000000
281474976710655.000000	8.439031	12104	90622476288.000000
281474976710655.000000	8.995075	12105	90623516672.000000
281474976710655.000000	7.934679	12106	90624557056.000000
281474976710655.000000	8.948642	12107	90625597440.000000
281474976710655.000000	8.371069	12108	90626629632.000000
281474976710655.000000	9.202898	12109	90627670016.000000
281474976710655.000000	8.404543	12110	90628710400.000000
281474976710655.000000	8.520984	12111	90629742592.000000
281474976710655.000000	8.170911	12112	90630782976.000000
281474976710655.000000	8.563294	12113	90631823360.000000
281474976710655.000000	8.934546	12114	90632855552.000000
281474976710655.000000	8.690775	12115	90633895936.000000
281474976710655.000000	8.134500	12116	90634936320.000000
281474976710655.000000	8.239520	12117	90635976704.000000
281474976710655.000000	7.760325	12118	90637008896.000000
281474976710655.000000	8.860134	12119	90638049280.000000
281474976710655.000000	8.345609	12120	90639081472.000000
281474976710655.000000	9.276681	12121	90640121856.000000
281474976710655.000000	8.307411	12122	90641162240.000000
281474976710655.000000	8.681396	12123	90642202624.000000
281474976710655.000000	8.171529	12124	90643234816.000000
281474976710655.000000	8.809839	12125	90644275200.000000
281474976710655.000000	8.093575	12126	90645315584.000000
281474976710655.000000	8.637420	12127	90646355968.000000
281474976710655.000000	8.590159	12128	90647388160.000000
281474976710655.000000	8.847096	12129	90648428544.000000
281474976710655.000000	8.351187	12130	90649460736.000000
281474976710655.000000	8.840904	12131	90650501120.000000
281474976710655.000000	8.207131	12132	90651541504.000000
281474976710655.000000	8.262424	12133	90652581888.000000
281474976710655.000000	7.868324	12134	90653614080.000000
281474976710655.000000	8.458102	12135	90654654464.000000
281474976710655.000000	7.644147	12136	90655694848.000000
281474976710655.000000	8.576408	12137	90656727040.000000
281474976710655.000000	8.036370	12138	90657767424.000000
281474976710655.000000	7.993025	12139	90658807808.000000
281474976710655.000000	7.633957	12140	90659840000.000000
281474976710655.000000	8.582988	12141	90660880384.000000
281474976710655.000000	8.030313	12142	90661920768.000000
281474976710655.000000	8.874155	12143	90662961152.000000
281474976710655.000000	7.792049	12144	90663993344.000000
281474976710655.000000	8.321203	12145	90665033728.000000
281474976710655.000000	8.207345	12146	90666074112.000000
281474976710655.000000	8.162523	12147	90667106304.000000
281474976710655.000000	7.550046	12148	90668146688.000000
281474976710655.000000	8.427910	12149	90669187072.000000
281474976710655.000000	8.069230	12150	90670227456.000000
281474976710655.000000	7.361833	12151	90671259648.000000
281474976710655.000000	7.600101	12152	90672300032.000000
281474976710655.000000	7.694864	12153	90673332224.000000
