num crossings	time (s)	maj axis (mm)	min axis (mm)	theta (rad )	slope (V/s)
9661	88065.132981	56.268036	-13.277554	0.592393	9.940697
9663	88067.209691	56.731341	-13.103514	0.590318	8.139764
9665	88069.289558	54.739064	-13.213091	0.594231	7.654743
9667	88071.359037	64.002759	14.286577	0.564525	10.292766
9669	88073.439358	56.234278	-17.079922	0.482006	7.914227
9671	88075.512239	56.118440	-13.034864	0.587650	9.288364
9673	88077.591164	59.825770	-12.256711	0.624117	7.791419
9675	88079.664699	54.667223	-13.158444	0.590663	9.610914
9677	88081.736084	56.037240	-13.054420	0.582421	9.424386
9679	88083.815176	55.704457	-13.126774	0.589972	7.781963
9681	88085.888981	65.866090	-12.422339	0.626171	9.091491
9683	88087.961347	57.461221	-16.411529	0.493473	9.157945
9685	88090.037244	58.840958	-9.893585	0.581255	8.717624
9687	88092.117419	56.887142	-16.360112	0.478940	8.078186
9689	88094.188745	55.609582	-13.546639	0.576362	9.721972
9691	88096.265692	61.249270	-15.943631	0.635400	8.608056
9693	88098.345670	55.516071	-12.721548	0.573265	7.943367
9695	88100.420332	59.893000	-14.484097	0.639234	9.483577
9697	88102.495880	56.130325	-16.255650	0.475403	8.833820
9699	88104.575270	55.501824	-12.611190	0.569439	7.718772
9701	88106.648725	60.691321	-16.105692	0.648272	9.279110
9703	88108.725845	63.633775	13.409655	0.544394	8.350633
9705	88110.801053	56.000522	-16.563824	0.462507	8.348687
9707	88112.874780	55.689046	-12.266724	0.568118	8.845847
9709	88114.953116	54.997594	-12.651477	0.562980	8.089968
9711	88117.027814	55.415013	-13.038290	0.565151	8.204509
9713	88119.103734	55.448124	-12.245444	0.567518	8.334887
9715	88121.179684	57.833209	-15.667548	0.471645	8.676165
9717	88123.254932	55.368843	-12.320269	0.561685	8.063462
9719	88125.332426	55.249288	-16.373796	0.453179	8.512818
9721	88127.406235	55.299790	-12.292747	0.560578	8.719998
9723	88129.482608	54.871238	-12.383494	0.560947	8.318068
9725	88131.557877	54.864350	-12.220368	0.558212	8.480971
9727	88133.632592	55.283465	-12.122117	0.556857	8.360600
9729	88135.707308	62.275004	13.251110	0.529422	8.818003
9731	88137.782391	53.940597	-15.180665	0.469260	8.335189
9733	88139.858218	55.453168	-12.022428	0.552029	8.747544
9735	88141.931528	54.930708	-15.232319	0.460706	8.784152
9737	88144.008897	55.161544	-12.023268	0.552508	8.310678
9739	88146.085606	62.360338	13.058509	0.521925	8.564348
9741	88148.160932	62.438691	13.368769	0.526749	8.582801
9743	88150.237916	62.168836	12.954848	0.518242	8.592755
9745	88152.315020	51.555348	-12.046612	0.553995	7.990667
9747	88154.391701	62.814435	12.853927	0.518147	8.514176
9749	88156.468128	52.270569	-12.006645	0.549284	8.521990
9751	88158.543485	62.441626	12.699513	0.520324	8.133227
9753	88160.619428	62.289733	12.741117	0.523068	8.493091
9755	88162.695216	52.252251	-11.783100	0.549723	8.668010
9757	88164.771235	62.073903	12.435454	0.513870	7.927211
9759	88166.846306	62.188361	12.280025	0.513286	8.329244
9761	88168.921538	51.849715	-11.831760	0.546618	8.269550
9763	88170.998638	62.377681	12.327795	0.517288	7.912166
9765	88173.073590	55.015056	-15.314660	0.445081	8.243262
9767	88175.149728	53.942941	-11.950911	0.541820	7.647221
9769	88177.225642	53.794941	-11.614262	0.533897	8.435887
9771	88179.299338	59.122822	-15.725152	0.612804	8.396817
9773	88181.376937	61.736875	12.498091	0.508831	7.854241
9775	88183.451599	56.386544	-13.607736	0.469443	8.137829
9777	88185.527579	53.485798	-11.354017	0.541498	8.149889
9779	88187.601766	53.509296	-11.517940	0.528344	8.439147
9781	88189.675839	54.211691	-11.504422	0.528025	8.064385
9783	88191.751552	60.939085	12.490674	0.503608	8.406320
9785	88193.827343	53.203889	-14.626370	0.442641	8.272201
9787	88195.902534	53.151919	-11.719837	0.532396	8.531665
9789	88197.979068	58.081199	-14.564875	0.583529	8.233300
9791	88200.055674	54.927778	-14.812808	0.433348	8.026380
9793	88202.130514	59.129774	-14.519643	0.582577	8.394980
9795	88204.208304	61.566539	12.033538	0.494872	8.037142
9797	88206.285031	61.118368	12.110249	0.490434	7.787856
9799	88208.361152	54.082879	-14.777278	0.427550	8.113839
9801	88210.436899	53.431165	-11.209952	0.517205	8.142288
9803	88212.513476	54.009485	-14.993210	0.417942	8.000145
9805	88214.588455	53.257074	-11.420338	0.517383	8.418189
9807	88216.664559	58.193661	-15.610004	0.596121	7.875668
9809	88218.739727	53.697219	-15.136899	0.402218	8.127572
9811	88220.816075	57.056216	-13.728393	0.574641	7.961376
9813	88222.891426	50.847874	-11.206768	0.521917	7.901033
9815	88224.967677	60.576689	11.639165	0.490721	8.139508
9817	88227.042734	60.106379	11.644800	0.488820	8.080740
9819	88229.119386	53.914547	-14.823549	0.410763	8.025792
9821	88231.194325	53.344750	-11.118650	0.508113	8.269538
9823	88233.270803	50.931419	-11.183328	0.517362	7.947818
9825	88235.340589	50.891587	-10.972382	0.518308	7.882811
9827	88237.417961	50.471497	-11.266599	0.511482	7.820202
9829	88239.491816	52.657064	-11.054083	0.503921	8.020058
9831	88241.568299	52.890662	-10.942279	0.504147	8.273184
9833	88243.645777	60.657105	11.904032	0.477128	7.975836
9835	88245.721000	59.633199	11.617584	0.474543	7.984832
9837	88247.796142	53.718245	-14.358836	0.401972	8.099615
9839	88249.872288	51.518138	-11.972375	0.500175	7.959939
9841	88251.949454	52.892154	-10.825009	0.497183	7.900706
9843	88254.025902	59.595058	11.515746	0.474569	7.989369
9845	88256.104302	52.114987	-10.971192	0.494271	6.761796
9847	88258.178148	51.911749	-10.789147	0.491240	7.908790
9849	88260.254614	52.485990	-10.760754	0.495249	7.748199
9851	88262.331039	59.891989	11.265149	0.466220	7.867536
9853	88264.406543	52.863433	-14.381872	0.392867	7.494614
9855	88266.482123	52.241197	-10.697548	0.490228	8.054489
9857	88268.558587	51.969678	-10.936945	0.490939	7.947040
9859	88270.632760	51.906798	-10.763767	0.489728	7.737257
9861	88272.708134	56.368474	-13.704298	0.552508	7.987595
9863	88274.785044	58.874343	11.054118	0.467696	7.664815
9865	88276.860992	59.277208	11.468502	0.467851	7.745600
9867	88278.936869	51.612342	-14.505842	0.380152	7.700461
9869	88281.011864	51.756835	-10.669498	0.486233	7.894323
9871	88283.087588	59.317782	11.095719	0.464728	7.724775
9873	88285.163352	53.060570	-14.054643	0.395012	7.848153
9875	88287.238302	54.534501	-10.157405	0.514378	7.814024
9877	88289.313374	59.050907	11.358441	0.459443	7.756981
9879	88291.388732	49.139386	-10.791800	0.489482	7.801673
9881	88293.463427	51.396586	-10.856624	0.480832	7.853190
9883	88295.538820	51.315776	-10.629278	0.477686	7.461746
9885	88297.614620	50.182836	-11.489518	0.483660	7.442454
9887	88299.690072	51.850932	-10.549451	0.476214	7.751553
9889	88301.767261	59.139656	11.708224	0.455711	7.798258
9891	88303.843023	52.842653	-14.063015	0.381485	7.734873
9893	88305.919540	51.062752	-10.506293	0.470656	7.844414
9895	88307.996008	51.129933	-10.519285	0.470398	7.636631
9897	88310.071910	51.636890	-10.418863	0.472857	7.631480
9899	88312.149206	52.497331	-13.963585	0.377005	7.813951
9901	88314.223801	54.769619	-12.637248	0.530258	7.584453
9903	88316.299275	48.728949	-10.585621	0.475120	7.297702
9905	88318.375488	50.917318	-10.453697	0.465713	7.291714
9907	88320.451297	50.755215	-10.863023	0.472664	7.647800
9909	88322.528159	56.947794	-15.056795	0.539645	6.989124
9911	88324.603681	51.797727	-14.302163	0.354291	7.335098
9913	88326.678984	50.616520	-10.615320	0.470003	7.667451
9915	88328.754689	51.035827	-10.393547	0.467108	8.143941
9917	88330.830133	59.104481	10.963985	0.442462	7.186783
9919	88332.905789	58.727409	10.872563	0.438879	7.338674
9921	88334.981112	51.609105	-14.042650	0.351182	7.634170
9923	88337.056319	50.515830	-10.433111	0.458598	7.353503
9925	88339.131845	51.172443	-10.350244	0.460939	7.566636
9927	88341.206626	48.766840	-10.411331	0.468639	7.629843
9929	88343.281675	48.469929	-10.214106	0.469233	7.741881
9931	88345.357839	58.661679	10.915367	0.433415	7.474778
9933	88347.432392	58.028806	11.055981	0.437685	7.488814
9935	88349.508146	48.610146	-10.233550	0.463287	7.454899
9937	88351.584883	58.183526	10.746803	0.426766	7.430247
9939	88353.660165	50.545243	-10.525248	0.453627	7.413640
9941	88355.736513	50.786353	-10.224932	0.452257	7.827093
9943	88357.813220	58.084198	10.784033	0.430766	7.422817
9945	88359.889320	48.315914	-10.265042	0.458319	7.260979
9947	88361.965116	52.009166	-13.552099	0.362571	7.415504
9949	88364.040263	50.698551	-10.148104	0.449012	7.591700
9951	88366.117319	57.353268	10.567416	0.424653	7.519545
9953	88368.192788	58.846381	10.708262	0.431291	7.444937
9955	88370.269474	58.342722	10.822935	0.425284	7.431307
9957	88372.344795	50.094860	-10.269104	0.444502	7.218929
