time (s)	energy (uJ)	charge (mC)	voltage (mV)	crossing#mod 255
63680.311316	9.467437	0.011839	0.799711	95
63681.383246	11.297438	0.011874	0.951408	96
63682.396800	9.813243	0.011862	0.827267	97
63683.466171	11.941121	0.011875	1.005574	98
63684.480412	11.257195	0.011871	0.948330	99
63685.552814	10.809328	0.011876	0.910217	100
63686.573538	10.210719	0.011868	0.860335	101
63687.635370	11.301285	0.011876	0.951618	102
63688.662241	10.442166	0.011868	0.879879	103
63689.710795	12.369080	0.011873	1.041791	104
63690.750845	10.392279	0.011866	0.875767	105
63691.802947	10.999493	0.011893	0.924902	106
63692.845091	10.672536	0.011855	0.900253	107
63693.884034	11.494751	0.011875	0.967957	108
63694.926037	11.244682	0.011891	0.945666	109
63695.974129	10.504899	0.011861	0.885700	110
63697.011603	10.967532	0.011837	0.926580	111
63698.068562	10.674653	0.011864	0.899737	112
63699.085327	11.308226	0.011885	0.951432	113
63700.163300	10.868537	0.011842	0.917759	114
63701.171089	10.854618	0.011860	0.915251	115
63702.249911	11.057470	0.011897	0.929438	116
63703.253885	10.676752	0.011873	0.899265	117
63704.335143	11.994054	0.011864	1.010933	118
63705.343966	10.139418	0.011885	0.853097	119
63706.420330	11.792560	0.011865	0.993905	120
63707.431120	10.129602	0.011885	0.852287	121
63708.503402	11.940755	0.011870	1.005923	122
63709.519375	10.205212	0.011863	0.860226	123
63710.583815	12.416479	0.011898	1.043565	124
63711.609313	10.256056	0.011892	0.862451	125
63712.669420	11.526829	0.011863	0.971669	126
63713.697437	10.154281	0.011858	0.856348	127
63714.755375	11.262497	0.011879	0.948110	128
63715.787823	9.940285	0.011869	0.837515	129
63716.840460	11.956576	0.011868	1.007424	130
63717.873639	10.148387	0.011887	0.853703	131
63718.928591	11.259477	0.011888	0.947139	132
63719.956643	10.264912	0.011879	0.864137	133
63721.012642	11.923557	0.011830	1.007948	134
63722.044797	10.242888	0.011843	0.864890	135
63723.101977	11.591100	0.011846	0.978470	136
63724.129821	10.337845	0.011857	0.871898	137
63725.187647	11.880239	0.011890	0.999179	138
63726.216154	10.330015	0.011861	0.870889	139
63727.276851	11.571952	0.011880	0.974043	140
63728.298892	10.038154	0.011828	0.848711	141
63729.369007	11.526859	0.011860	0.971903	142
63730.383377	10.305488	0.011901	0.865931	143
63731.454048	11.894472	0.011857	1.003179	144
63732.466620	10.268852	0.011868	0.865286	145
63733.543240	12.088341	0.011895	1.016241	146
63734.549949	10.343537	0.011838	0.873794	147
63735.631833	11.693869	0.011883	0.984093	148
63736.634891	10.513985	0.011865	0.886116	149
63737.723763	10.969119	0.011856	0.925204	150
63738.719893	11.448332	0.011865	0.964858	151
63739.803942	10.823311	0.011881	0.910973	152
63740.812400	11.487476	0.011871	0.967709	153
63741.878609	11.268523	0.011877	0.948772	154
63742.906553	11.442315	0.011856	0.965132	155
63743.959883	11.358649	0.011859	0.957849	156
63744.994792	11.379516	0.011864	0.959136	157
63746.047633	11.153521	0.011863	0.940211	158
63747.084147	11.539380	0.011860	0.972968	159
63748.132648	11.302087	0.011854	0.953401	160
63749.177521	10.103065	0.011829	0.854086	161
63750.216757	12.190718	0.011845	1.029205	162
63751.258712	10.418569	0.011883	0.876779	163
63752.307351	11.813286	0.011868	0.995376	164
63753.339381	10.862045	0.011885	0.913963	165
63754.402458	10.955861	0.011864	0.923471	166
63755.428021	10.411014	0.011861	0.877715	167
63756.481074	12.052249	0.011873	1.015069	168
63757.513038	11.007215	0.011874	0.926995	169
63758.567499	11.858994	0.011876	0.998547	170
63759.600858	10.526327	0.011871	0.886752	171
63760.656646	10.920428	0.011888	0.918614	172
63761.686671	10.630441	0.011858	0.896475	173
63762.738832	11.714806	0.011859	0.987816	174
63763.778987	10.612286	0.011869	0.894111	175
63764.823195	11.577035	0.011873	0.975066	176
63765.864897	11.161894	0.011886	0.939097	177
63766.908941	11.662633	0.011894	0.980583	178
63767.948988	11.279213	0.011862	0.950894	179
63768.997196	11.234388	0.011869	0.946569	180
63770.034945	10.942483	0.011865	0.922253	181
63771.091535	10.751510	0.011881	0.904963	182
63772.107520	12.313408	0.011873	1.037065	183
63773.179517	11.198000	0.011817	0.947580	184
63774.189621	12.380941	0.011900	1.040415	185
63775.273589	11.331523	0.011881	0.953752	186
63776.275864	11.390404	0.011865	0.959975	187
63777.361709	11.364099	0.011864	0.957873	188
63778.363724	10.759641	0.011875	0.906073	189
63779.450310	11.207636	0.011857	0.945263	190
63780.450855	10.546732	0.011856	0.889586	191
63781.531111	11.926124	0.011865	1.005158	192
63782.539017	10.650652	0.011857	0.898258	193
63783.615649	12.010375	0.011867	1.012096	194
63784.629208	10.274585	0.011845	0.867421	195
63785.697674	12.292266	0.011889	1.033906	196
63786.715722	10.545525	0.011875	0.888007	197
63787.786250	11.661774	0.011852	0.983978	198
63788.803121	10.471832	0.011864	0.882622	199
63789.871715	11.834952	0.011880	0.996216	200
63790.887755	10.671001	0.011868	0.899137	201
63791.956387	11.540854	0.011893	0.970369	202
63792.978422	9.841578	0.011883	0.828240	203
63794.044492	11.851859	0.011857	0.999586	204
63795.060474	10.416055	0.011842	0.879606	205
63796.134495	11.775709	0.011881	0.991153	206
63797.146480	10.349535	0.011845	0.873735	207
63798.218615	12.496151	0.011866	1.053068	208
63799.230693	10.400943	0.011889	0.874837	209
63800.311070	11.475386	0.011861	0.967454	210
63801.311748	11.130151	0.011855	0.938854	211
63802.396047	11.668435	0.011866	0.983365	212
63803.406824	10.179025	0.011824	0.860874	213
63804.483912	11.182322	0.011881	0.941220	214
63805.488560	11.136879	0.011862	0.938842	215
63806.562395	11.457919	0.011885	0.964051	216
63807.580501	11.400555	0.011877	0.959920	217
63808.645099	11.151826	0.011940	0.934026	218
63809.673678	11.150943	0.011876	0.938957	219
63810.730270	10.678184	0.011889	0.898190	220
63811.760246	11.312791	0.011901	0.950606	221
63812.809558	11.613492	0.011858	0.979347	222
63813.848181	11.160459	0.011867	0.940434	223
63814.892652	12.304024	0.011879	1.035746	224
63815.934309	11.456142	0.011884	0.963995	225
63816.985866	11.262395	0.011856	0.949968	226
63818.024015	10.805388	0.011890	0.908818	227
63819.067176	12.052918	0.011812	1.020436	228
63820.107385	10.877894	0.011863	0.916952	229
63821.155627	11.365552	0.011860	0.958293	230
63822.191753	11.153819	0.011863	0.940239	231
63823.243539	11.714794	0.011824	0.990753	232
63824.284034	10.557211	0.011885	0.888273	233
63825.326101	11.993504	0.011886	1.009062	234
63826.370209	10.828839	0.011856	0.913399	235
63827.418279	11.129470	0.011860	0.938399	236
63828.456531	11.595277	0.011875	0.976445	237
63829.495011	11.834530	0.011869	0.997079	238
63830.539470	11.719165	0.011873	0.987043	239
63831.585178	11.033440	0.011881	0.928652	240
63832.625723	10.978875	0.011881	0.924079	241
63833.677786	10.763975	0.011854	0.908016	242
63834.704671	11.840100	0.011849	0.999226	243
63835.766148	11.363589	0.011867	0.957601	244
63836.790154	11.704586	0.011865	0.986446	245
63837.855983	10.836882	0.011883	0.911979	246
63838.878114	10.739292	0.011851	0.906185	247
63839.944657	11.447238	0.011878	0.963774	248
63840.960644	10.902489	0.011880	0.917698	249
63842.029965	11.922580	0.011859	1.005397	250
63843.045789	11.446116	0.011883	0.963235	251
63844.114787	12.013000	0.011889	1.010434	252
63845.136846	10.765649	0.011862	0.907557	253
63846.198961	12.091636	0.011859	1.019618	254
63847.223048	10.748243	0.011888	0.904148	255
63848.287032	11.598832	0.011871	0.977103	0
63849.308912	11.130117	0.011872	0.937477	1
63850.367991	12.352921	0.011894	1.038565	2
63851.397555	11.163263	0.011882	0.939504	3
63852.453652	12.030958	0.011857	1.014701	4
63853.482189	11.332335	0.011887	0.953362	5
63854.542739	11.565908	0.011834	0.977320	6
63855.574167	10.496837	0.011838	0.886725	7
63856.632792	11.419693	0.011869	0.962152	8
63857.655150	11.035583	0.011862	0.930332	9
63858.716960	11.681977	0.011888	0.982647	10
63859.740952	10.987570	0.011885	0.924487	11
63860.806765	11.266252	0.011865	0.949568	12
63861.825141	11.597813	0.011854	0.978394	13
63862.891073	11.335194	0.011854	0.956240	14
63863.913912	11.352307	0.011858	0.957356	15
63864.975798	10.791131	0.011854	0.910301	16
63866.005949	11.180532	0.011885	0.940734	17
63867.055908	10.449663	0.011839	0.882631	18
63868.092810	11.878396	0.011832	1.003881	19
63869.137870	11.112817	0.011865	0.936624	20
63870.184741	11.823734	0.011861	0.996882	21
63871.220877	11.005466	0.011868	0.927313	22
63872.276576	11.339685	0.011878	0.954710	23
63873.307083	11.036844	0.011873	0.929589	24
63874.363170	11.520597	0.011864	0.971027	25
63875.391631	11.082097	0.011862	0.934283	26
63876.447801	11.813711	0.011865	0.995716	27
63877.478639	11.319592	0.011879	0.952898	28
63878.533147	11.855707	0.011860	0.999676	29
63879.565677	11.111437	0.011887	0.934734	30
63880.621778	11.280221	0.011856	0.951457	31
63881.650816	11.237374	0.011854	0.948007	32
63882.707772	11.579093	0.011864	0.976010	33
63883.736049	11.425903	0.011835	0.965412	34
63884.796820	66.518059	0.011865	5.606030	35
63885.818912	11.998343	0.011842	1.013215	36
63886.883015	11.431122	0.011883	0.962005	37
63887.909001	11.417487	0.011880	0.961087	38
63888.966753	11.368175	0.011860	0.958540	39
63890.006034	9.798972	0.011863	0.826012	40
63891.046090	11.901750	0.011840	1.005203	41
63892.087895	11.488237	0.011859	0.968762	42
63893.130429	11.492529	0.011874	0.967878	43
63894.180130	11.207440	0.011876	0.943683	44
63895.212127	11.436279	0.011850	0.965072	45
63896.268308	11.466726	0.011858	0.967043	46
63897.299240	11.005200	0.011826	0.930564	47
63898.356769	11.818666	0.011890	0.994015	48
63899.381400	11.334314	0.011860	0.955650	49
63900.450112	11.087093	0.011856	0.935130	50
63901.470192	10.650558	0.011846	0.899064	51
63902.531991	11.522564	0.011896	0.968629	52
63903.555995	10.593546	0.011892	0.890798	53
63904.616184	11.970791	0.011892	1.006648	54
63905.639384	11.406211	0.011854	0.962194	55
63906.702420	92.472023	0.011860	7.797265	56
63907.724760	11.511161	0.011842	0.972050	57
63908.790649	11.491331	0.011881	0.967229	58
63909.818758	10.456910	0.011860	0.881691	59
63910.875299	11.635251	0.011893	0.978312	60
63911.899346	11.303311	0.011887	0.950916	61
63912.963554	11.409509	0.011860	0.962011	62
63913.985107	11.150425	0.011860	0.940186	63
63915.048273	11.820098	0.011861	0.996591	64
63916.068257	11.711552	0.011834	0.989626	65
63917.134134	11.754191	0.011888	0.988731	66
63918.158206	11.107908	0.011888	0.934371	67
63919.222203	11.167944	0.011815	0.945239	68
63920.242301	12.025823	0.011858	1.014136	69
63921.303248	11.512999	0.011845	0.971940	70
63922.335327	11.255496	0.011858	0.949165	71
63923.389228	10.909194	0.011870	0.919056	72
63924.429369	11.031108	0.011821	0.933211	73
63925.469883	11.060907	0.011871	0.931740	74
63926.513935	11.765466	0.011885	0.989937	75
63927.557007	10.523648	0.011850	0.888087	76
63928.608939	11.198350	0.011885	0.942209	77
63929.634909	11.665568	0.011875	0.982378	78
63930.691934	11.601178	0.011889	0.975786	79
63931.719985	11.598649	0.011884	0.975997	80
63932.784924	10.809558	0.011837	0.913193	81
63933.808231	11.270080	0.011859	0.950305	82
63934.866132	11.654522	0.011867	0.982135	83
63935.894168	11.374181	0.011874	0.957933	84
63936.956744	10.666172	0.011891	0.897012	85
63937.978813	11.683318	0.011880	0.983482	86
63939.038931	11.500573	0.011858	0.969840	87
63940.066994	11.367537	0.011883	0.956601	88
63941.124902	11.525735	0.011862	0.971656	89
63942.155741	10.974392	0.011859	0.925418	90
63943.208053	12.062324	0.011874	1.015902	91
63944.240694	11.525625	0.011839	0.973535	92
63945.293610	11.707597	0.011855	0.987532	93
63946.332600	11.160473	0.011879	0.939479	94
63947.374575	11.826086	0.011882	0.995334	95
63948.418621	11.800994	0.011830	0.997524	96
63949.458793	11.573077	0.011871	0.974918	97
63950.512507	11.249731	0.011873	0.947515	98
63951.541079	11.445172	0.011870	0.964177	99
63952.601640	11.378558	0.011874	0.958254	100
63953.625617	11.318991	0.011852	0.954988	101
63954.689577	11.489763	0.011815	0.972450	102
63955.709690	11.411035	0.011850	0.962964	103
63956.775649	11.685452	0.011867	0.984667	104
63957.799662	10.920069	0.011868	0.920107	105
63958.866250	9.875957	0.011878	0.831418	106
63959.884250	11.075753	0.011876	0.932579	107
63960.948892	11.405642	0.011874	0.960537	108
63961.967812	11.536383	0.011869	0.971975	109
63963.033515	11.687554	0.011860	0.985466	110
63964.060549	10.526837	0.011852	0.888203	111
63965.123474	11.334360	0.011861	0.955570	112
63966.141790	11.529189	0.011870	0.971252	113
63967.203811	12.034584	0.011879	1.013097	114
63968.234152	10.580448	0.011822	0.894987	115
63969.292780	11.773735	0.011887	0.990488	116
63970.316822	11.096863	0.011877	0.934314	117
63971.383339	10.988294	0.011885	0.924551	118
63972.400548	11.622208	0.011862	0.979769	119
63973.466356	10.083636	0.011901	0.847283	120
63974.492444	11.053700	0.011847	0.933059	121
63975.553814	10.632070	0.011855	0.896809	122
63976.579075	11.339780	0.011896	0.953250	123
63977.631250	11.012534	0.011860	0.928527	124
63978.671385	11.111931	0.011822	0.939947	125
63979.714642	10.929107	0.011873	0.920513	126
63980.761264	11.366252	0.011888	0.956078	127
63981.799396	10.777189	0.011879	0.907243	128
63982.849963	11.352008	0.011852	0.957822	129
63983.882038	10.833625	0.011856	0.913803	130
63984.934275	11.845737	0.011859	0.998916	131
63985.970075	10.624028	0.011865	0.895419	132
63987.022633	10.848549	0.011878	0.913333	133
63988.055427	11.632216	0.011859	0.980854	134
63989.105262	11.033144	0.011882	0.928556	135
63990.141300	11.386641	0.011879	0.958555	136
63991.193915	11.345092	0.011883	0.954769	137
63992.230391	11.107166	0.011880	0.934959	138
63993.283253	11.042179	0.011884	0.929196	139
63994.314957	11.341182	0.011883	0.954365	140
63995.363560	11.542209	0.011880	0.971531	141
63996.399038	11.854435	0.011889	0.997072	142
63997.448279	11.619564	0.011875	0.978471	143
63998.489213	11.418586	0.011888	0.960551	144
63999.535381	11.143734	0.011880	0.938040	145
64000.581388	10.978498	0.011853	0.926239	146
