num crossings	time (s)	maj axis (mm)	min axis (mm)	theta (rad )	slope (V/s)
11519	90008.503352	53.778037	19.028100	0.747119	8.542436
11521	90010.575963	54.950367	16.579690	0.586144	6.980722
11523	90012.650141	54.670665	14.105247	0.628539	8.484323
11525	90014.727704	54.974144	15.252140	0.651961	6.274580
11527	90016.798445	54.871848	16.051245	0.588009	8.268156
11529	90018.881630	56.251214	18.198522	0.727388	5.993290
11531	90020.956392	54.449594	14.989158	0.645260	8.047268
11533	90023.038327	62.048287	16.020399	0.640706	7.186937
11535	90025.112857	54.408472	14.623821	0.640808	7.859861
11537	90027.186070	54.863503	15.060920	0.657402	6.651596
11539	90029.255864	52.916426	14.607392	0.660506	7.713639
11541	90031.332265	53.529665	15.178632	0.606073	7.149154
11543	90033.416687	61.066424	16.027330	0.646823	7.101874
11545	90035.491342	53.962217	16.568665	0.701692	7.602098
11547	90037.562496	54.399979	15.068934	0.663577	6.748929
11549	90039.631809	54.264690	14.897462	0.674444	7.838613
11551	90041.712046	51.904287	13.929080	0.661306	6.372023
11553	90043.792077	54.065424	14.795054	0.657053	7.310223
11555	90045.872662	53.647148	14.402858	0.653175	6.914384
11557	90047.946773	53.492177	14.568217	0.652764	7.830670
11559	90050.023519	60.843729	15.801587	0.650151	6.925894
11561	90052.097062	53.635095	14.413646	0.658765	7.657473
11563	90054.172910	53.330211	14.114831	0.657259	7.174637
11565	90056.250032	53.595201	14.329863	0.661617	7.423383
11567	90058.322554	53.156741	18.027262	0.762555	7.262011
11569	90060.396250	53.947174	14.887841	0.618625	6.918144
11571	90062.466477	53.201701	14.069037	0.652370	6.616064
11573	90064.538555	53.202178	13.916777	0.652843	6.928927
11575	90066.616872	60.440286	15.741843	0.645237	7.450490
11577	90068.700078	52.814181	14.055269	0.663150	7.148869
11579	90070.778136	61.271149	15.691525	0.666320	7.011330
11581	90072.849328	53.194017	13.989080	0.662773	6.832056
11583	90074.919682	54.309634	17.845142	0.772550	6.724408
11585	90076.991937	50.871346	13.106114	0.652622	6.883883
11587	90079.071446	53.155817	14.561462	0.670238	7.580909
11589	90081.151092	50.899391	17.678988	0.759759	7.274928
11591	90083.231112	53.839207	13.059463	0.635813	6.801514
11593	90085.308250	50.592790	18.213431	0.779379	7.144888
11595	90087.385512	52.660032	14.482692	0.688417	6.246300
11597	90089.458402	55.998045	18.233066	0.554852	6.813618
11599	90091.532430	60.313816	15.342944	0.672421	7.005335
11601	90093.609785	60.071549	15.416979	0.672221	6.300141
11603	90095.683473	51.655151	17.175566	0.762921	7.065399
11605	90097.758825	52.316084	14.332679	0.685843	6.959465
11607	90099.831977	52.667689	14.564707	0.687405	7.104692
11609	90101.903449	50.808520	13.194496	0.677099	6.876845
11611	90103.974434	50.543569	14.105850	0.691306	6.710971
11613	90106.049795	52.808265	15.194317	0.626958	6.763624
11615	90108.127868	52.135733	14.326574	0.699110	6.540108
11617	90110.210478	52.283865	14.373628	0.684872	6.717641
11619	90112.287579	60.467209	15.159446	0.673919	6.836487
11621	90114.360780	60.243682	15.199400	0.677016	6.431746
11623	90116.430537	59.515802	15.324686	0.677798	6.936852
11625	90118.503478	59.302458	15.457880	0.675229	6.636368
11627	90120.577986	59.117039	15.523268	0.676721	6.966892
11629	90122.655212	53.192802	17.855611	0.795536	6.478416
11631	90124.732155	50.172061	13.183251	0.694189	6.522111
11633	90126.810163	52.113016	15.236509	0.637847	6.491913
11635	90128.887344	58.991994	15.468940	0.693882	6.332430
11637	90130.962680	51.909993	14.430718	0.710458	6.269441
11639	90133.038104	51.606360	14.247643	0.706720	6.579133
11641	90135.112667	52.497533	15.802570	0.637066	6.151313
11643	90137.187129	50.250716	17.610106	0.797772	6.330106
11645	90139.260074	51.433352	15.830249	0.636385	6.246230
11647	90141.334205	59.147357	15.203556	0.682604	6.120573
11649	90143.410121	50.808456	13.590960	0.687154	6.286533
11651	90145.488545	58.272758	15.328030	0.675812	6.518199
11653	90147.568384	50.661142	13.647483	0.694028	6.611801
11655	90149.648227	58.946268	15.039903	0.695124	6.559164
11657	90151.725106	59.674584	15.357619	0.698755	6.335346
11659	90153.797793	51.038870	13.595346	0.697152	6.448339
11661	90155.868539	58.795421	15.070638	0.700752	5.956593
11663	90157.939591	51.279113	14.113635	0.715177	6.248471
11665	90160.014813	50.828469	14.092926	0.714422	6.346428
11667	90162.093651	51.190038	14.100314	0.703388	6.364122
11669	90164.170673	58.155027	14.954604	0.689481	6.554960
11671	90166.247204	50.323056	13.613895	0.697506	6.572112
11673	90168.323278	57.456387	15.046803	0.700178	6.375012
11675	90170.400701	57.708427	14.883753	0.696510	6.773955
11677	90172.474645	50.289087	13.666680	0.700898	6.407622
11679	90174.550408	57.811773	15.002603	0.696251	6.440952
11681	90176.624128	57.432970	15.092006	0.697244	6.530404
11683	90178.697291	56.823829	14.917290	0.701307	6.601397
11685	90180.772699	50.654339	14.143363	0.727853	6.443704
11687	90182.847839	50.267972	14.105841	0.730896	6.286932
11689	90184.924525	48.329501	12.870251	0.720430	6.168274
11691	90187.004537	50.696325	14.626645	0.664604	6.250812
11693	90189.084268	57.578732	14.882876	0.715330	6.262964
11695	90191.163283	57.633637	14.765257	0.707467	6.127872
11697	90193.235967	49.900301	13.783409	0.709250	6.321683
11699	90195.308253	49.985731	13.760706	0.710637	6.047859
11701	90197.381539	57.042394	15.030397	0.707482	6.238903
11703	90199.454142	49.702352	13.399037	0.710055	6.371386
11705	90201.528543	57.131929	14.930249	0.710773	6.122647
11707	90203.603796	57.680422	15.078440	0.706396	6.018565
11709	90205.679086	49.201656	16.992033	0.820505	6.246773
11711	90207.754783	48.197088	13.231304	0.732479	5.897361
11713	90209.830138	50.488078	15.079900	0.663765	6.217743
11715	90211.905920	49.969774	14.066425	0.735782	5.954301
11717	90213.981734	49.560146	13.987030	0.739534	6.252351
11719	90216.057165	47.597572	13.227788	0.723632	6.173284
11721	90218.134533	49.968412	13.869776	0.682032	6.347932
11723	90220.212162	56.446724	14.884089	0.713226	6.214398
11725	90222.293917	49.354801	14.026184	0.745548	6.207978
11727	90224.371569	49.939114	12.175035	0.693614	6.114340
11729	90226.448517	56.734073	14.887814	0.727571	5.728700
11731	90228.521958	49.652266	14.085836	0.746586	5.860602
11733	90230.592890	49.358711	13.885162	0.745037	5.710854
11735	90232.664210	49.292313	15.224018	0.671231	5.728759
11737	90234.737612	48.857179	13.514297	0.720862	5.823576
11739	90236.812812	56.424843	14.772193	0.718908	6.009287
11741	90238.888783	48.929698	17.104250	0.840715	6.025912
11743	90240.963628	47.256651	12.777208	0.736457	6.025243
11745	90243.039830	46.894912	13.064569	0.735755	5.974093
11747	90245.115808	49.711633	14.487070	0.681135	5.954170
11749	90247.189846	48.581714	13.383592	0.726900	5.687859
11751	90249.266175	49.073893	14.069076	0.754479	5.862114
11753	90251.342221	47.318038	12.280409	0.750835	5.793830
11755	90253.419308	48.563597	14.986538	0.685877	5.683049
11757	90255.498378	56.127367	14.929698	0.727943	5.803640
11759	90257.578269	48.803285	17.437090	0.860835	5.838940
11761	90259.656895	47.156323	11.853767	0.740327	5.729814
11763	90261.733557	48.971330	14.005597	0.744463	5.815677
11765	90263.808615	48.200044	13.705559	0.734536	5.834865
11767	90265.881771	46.568129	16.627475	0.841309	5.911626
11769	90267.953109	46.427164	12.827791	0.745042	6.051198
11771	90270.027220	49.162856	13.230466	0.708379	5.662454
11773	90272.101702	47.968411	13.227762	0.734235	5.939327
11775	90274.175952	48.525717	13.983201	0.761349	5.961575
11777	90276.251957	48.176522	14.013562	0.761705	6.063692
11779	90278.326858	45.990281	12.759879	0.747446	5.499563
11781	90280.404284	48.436648	13.793371	0.749560	5.823395
11783	90282.481231	54.911464	14.733921	0.737965	5.866893
11785	90284.559957	46.992328	17.023258	0.845751	5.646832
11787	90286.637654	47.700388	13.906090	0.766099	5.861732
11789	90288.715599	46.012803	12.472039	0.761153	5.685296
11791	90290.791769	47.605512	13.880219	0.774228	5.565058
11793	90292.867061	48.111783	13.025625	0.714934	5.677190
11795	90294.940169	55.203808	15.022101	0.754189	5.463273
11797	90297.011419	48.140097	13.916418	0.771565	5.540367
11799	90299.084482	47.673102	13.949060	0.770283	5.370652
11801	90301.157180	45.717879	13.008518	0.753084	5.443453
11803	90303.232294	45.441975	12.865122	0.754726	5.389880
11805	90305.307437	47.502602	13.969661	0.771449	5.530222
11807	90307.383858	45.701991	12.695341	0.762091	5.491799
11809	90309.458787	46.942072	15.135414	0.696449	5.558086
11811	90311.534905	49.284353	17.350262	0.883218	5.764491
11813	90313.610682	47.709767	13.717980	0.762501	5.458290
11815	90315.687241	46.716776	13.526021	0.750382	5.495965
