time (s)	coil I (A)	last det (V)	int current (uC)
64744.346519	0.836804	-365.820312	-28.906250
64744.348520	0.836530	-365.820312	-28.906250
64744.350521	0.836452	9.200977	0.415512
64745.382606	0.827651	-127.246094	187.500000
64745.384608	0.834637	-127.246094	187.500000
64745.386607	0.832311	9.155425	0.091199
64746.435158	0.820502	-371.484375	-29.003906
64746.437158	0.834836	-371.484375	-29.003906
64746.439158	0.832464	9.157109	0.096977
64747.463757	0.838067	-128.320312	177.832031
64747.465757	0.834848	9.183324	0.094400
64748.522306	0.490665	-356.054687	-30.371094
64748.524307	0.830417	-356.054687	-30.371094
64748.526308	0.834237	-356.054687	-30.371094
64748.528307	0.831959	9.151552	0.085023
64749.560378	0.818541	-125.292969	198.828125
64749.562381	0.834422	-125.292969	198.828125
64749.564380	0.831878	9.150658	0.075867
64750.604977	0.824623	-366.308594	-30.664062
64750.606978	0.835022	-366.308594	-30.664062
64750.608977	0.832737	9.160105	0.250454
64751.643029	0.835663	-129.296875	177.929687
64751.645031	0.833107	9.164172	0.093631
64752.687592	0.835715	-370.800781	-31.738281
64752.689601	0.833198	9.165183	0.129234
64753.726169	0.827622	-127.441406	193.554687
64753.728172	0.835140	-127.441406	193.554687
64753.730171	0.832833	9.161168	0.273921
64754.780139	0.835578	-361.328125	-33.886719
64754.782140	0.832745	9.160193	0.089938
64755.822747	1.489484	-127.539062	211.523437
64755.824749	0.835361	-127.539062	211.523437
64755.826749	0.832588	9.158464	0.081822
64756.854755	0.751623	-365.039062	-34.960937
64756.856758	0.835551	-365.039062	-34.960937
64756.858760	0.832662	9.159281	0.104455
64757.906750	0.620167	-132.128906	183.300781
64757.908757	0.838433	-132.128906	183.300781
64757.910764	0.834654	9.181197	0.087423
64758.934785	0.601426	-361.425781	-34.375000
64758.938786	0.834807	-361.425781	-34.375000
64758.940786	0.832699	9.159688	0.100102
64760.004789	0.779022	-130.566406	216.113281
64760.006792	0.835348	-130.566406	216.113281
64760.008794	0.832549	9.158040	0.082816
64761.026841	0.834668	-364.062500	-33.203125
64761.028844	0.832059	9.152651	0.097849
64762.085430	0.763641	-135.839844	202.929687
64762.087432	0.835802	-135.839844	202.929687
64762.089432	0.832909	9.162002	0.085441
64763.097438	0.798055	-372.265625	-30.468750
64763.099441	0.835193	-372.265625	-30.468750
64763.101441	0.832567	9.158235	0.096134
64764.178005	0.681088	-135.351562	239.550781
64764.180006	0.837295	-135.351562	239.550781
64764.182005	0.833904	9.172946	0.094050
64765.189991	0.733352	-365.136719	-28.320312
64765.191993	0.836302	-365.136719	-28.320312
64765.193995	0.833243	9.165670	0.093776
64766.264051	0.828710	-134.472656	264.062500
64766.266054	0.834430	-134.472656	264.062500
64766.268053	0.832105	9.153156	0.297290
64767.274064	0.559520	-370.800781	-24.218750
64767.276066	0.837016	-370.800781	-24.218750
64767.278066	0.834263	9.176890	0.088744
64768.348107	0.748302	-131.933594	277.050781
64768.350107	0.753936	-131.933594	277.050781
64768.352107	0.832491	9.157401	0.094958
64769.376148	0.740335	-363.183594	-23.242187
64769.378149	0.835412	-363.183594	-23.242187
64769.380152	0.832374	9.156116	0.080493
64770.420241	0.668921	-131.738281	256.445312
64770.422244	0.837182	-131.738281	256.445312
64770.424242	0.833585	9.169436	0.102602
64771.460288	0.591037	-368.261719	-22.558594
64771.462291	0.837240	-368.261719	-22.558594
64771.464290	0.833722	9.170943	0.091011
64772.502331	0.831419	-127.832031	249.023437
64772.504332	0.833757	-127.832031	249.023437
64772.506334	0.831474	9.146217	0.097182
64773.559249	0.835211	-356.054687	-24.902344
64773.561251	0.833675	-356.054687	-24.902344
64773.563252	0.831471	9.146182	0.087031
64774.585269	0.516933	-123.046875	262.207031
64774.587269	0.833777	-123.046875	262.207031
64774.591267	0.831921	-123.046875	262.207031
64774.593270	0.830184	9.132020	0.100124
64775.645259	0.835678	-365.917969	-26.855469
64775.649260	0.831049	9.141538	0.085608
64776.671832	0.819486	-124.609375	238.183594
64776.673834	0.835030	-124.609375	238.183594
64776.675834	0.832614	9.158757	0.175521
64777.727887	0.736470	-367.089844	-28.808594
64777.729889	0.835871	-367.089844	-28.808594
64777.731889	0.832900	9.161895	0.098843
64778.760476	0.791208	-129.101562	210.253906
64778.762475	0.835853	-129.101562	210.253906
64778.764475	0.833142	9.164562	0.092994
64779.814440	0.837609	-350.585937	-32.324219
64779.816441	0.834135	9.175489	0.097108
64780.848502	0.632337	-126.171875	226.757812
64780.850504	0.837125	-126.171875	226.757812
64780.852504	0.833413	9.167541	0.085016
64781.902494	0.824222	-357.519531	-32.617187
64781.904493	0.834551	-357.519531	-32.617187
64781.906496	0.832193	9.154122	0.092182
64782.938507	0.803133	-127.539062	225.000000
64782.940508	0.835314	-127.539062	225.000000
64782.942509	0.832786	9.160645	0.084737
64783.983111	0.813280	-358.691406	-32.812500
64783.985112	0.834536	-358.691406	-32.812500
64783.987112	0.832058	9.152643	0.129344
64785.023159	0.778425	-129.882812	213.281250
64785.025159	0.835274	-129.882812	213.281250
64785.027160	0.832435	9.156781	0.089409
64786.072155	0.819162	-358.886719	-33.496094
64786.074158	0.834085	-358.886719	-33.496094
64786.076157	0.831606	9.147671	0.185764
64787.108758	0.835278	-129.980469	212.500000
64787.110761	0.835045	-129.980469	212.500000
64787.112760	0.832874	9.161612	0.085404
64788.163310	0.834654	-362.207031	-32.324219
64788.165310	0.832391	9.156302	0.095488
64789.191907	0.596995	-130.175781	215.820312
64789.195911	0.834414	-130.175781	215.820312
64789.197913	0.832389	9.156277	0.096979
64790.247953	1.006137	-350.585937	-32.031250
64790.249953	0.834222	9.176447	0.169161
64791.278037	0.808725	-125.488281	247.949219
64791.280040	0.835428	-125.488281	247.949219
64791.282041	0.832875	9.161620	0.089461
64792.336095	0.836523	-364.160156	-28.613281
64792.338097	0.833303	9.166335	0.088144
64793.362684	0.786956	-127.832031	246.777344
64793.364688	0.834923	-127.832031	246.777344
64793.366688	0.832232	9.154548	0.094565
64794.419632	0.805962	-369.824219	-25.390625
64794.421635	0.834560	-369.824219	-25.390625
64794.423634	0.831996	9.151951	0.090119
64795.453575	0.835661	-126.562500	272.070312
64795.455574	0.832864	9.161505	0.097227
64796.504128	0.764976	-352.734375	-25.683594
64796.506129	0.835765	-352.734375	-25.683594
64796.508128	0.832979	9.162772	0.086517
64797.542100	0.836011	-127.832031	289.160156
64797.544102	0.832841	9.161248	0.100721
64798.576665	0.759773	-361.914062	-24.218750
64798.578667	0.834520	-361.914062	-24.218750
64798.580666	0.831544	9.146980	0.095230
64799.636664	0.587690	-133.789062	284.960937
64799.638665	0.837493	-133.789062	284.960937
64799.640665	0.834020	9.174222	0.099632
64800.664639	1.485744	-363.281250	-24.707031
64800.666641	0.836629	-363.281250	-24.707031
64800.670639	0.831921	9.151127	0.080064
64801.729593	0.553461	-132.910156	307.324219
64801.731597	0.835960	-132.910156	307.324219
64801.733596	0.833547	9.169021	0.100024
64802.741673	0.646334	-359.960937	-27.539062
64802.743676	0.837452	-359.960937	-27.539062
64802.745676	0.833741	9.171156	0.093246
64803.821655	0.835430	-140.332031	261.132812
64803.823655	0.832693	9.159626	0.092578
64804.827740	0.820201	-359.375000	-30.859375
64804.829742	0.833945	-359.375000	-30.859375
64804.831742	0.831461	9.146067	0.095605
64805.904360	0.752714	-134.765625	275.878906
64805.906362	0.836531	-134.765625	275.878906
64805.908361	0.833589	9.169481	0.090379
64806.918332	0.836100	-354.687500	-33.789062
64806.920333	0.833348	9.166831	0.093879
64807.990902	0.750581	-138.476562	230.468750
64807.992903	0.833293	9.166220	0.089469
64809.004947	0.739369	-344.824219	-35.742187
64809.006949	0.835317	-344.824219	-35.742187
64809.008948	0.832378	9.156161	0.098101
64810.074999	0.833895	-132.812500	253.125000
64810.077003	0.834416	-132.812500	253.125000
64810.079003	0.832209	9.154300	0.404273
64811.093061	0.558797	-357.031250	-35.742187
64811.095064	0.836482	-357.031250	-35.742187
64811.097063	0.833830	9.172131	0.099784
64812.157025	0.835307	-133.593750	238.281250
64812.159028	0.832518	9.157703	0.090161
64813.183125	0.774826	-344.433594	-36.718750
64813.185126	0.834962	-344.433594	-36.718750
64813.187128	0.832142	9.153564	0.100484
64814.245138	0.836872	-128.710937	267.089844
64814.247141	0.833195	9.165148	0.083632
64815.273130	0.837883	-338.085937	-37.597656
64815.275132	0.834313	9.177440	0.097823
64816.327194	0.834616	-133.886719	236.035156
64816.329199	0.832135	9.153484	0.164290
64817.357774	0.835118	-353.027344	-36.523437
64817.359777	0.833696	-353.027344	-36.523437
64817.361777	0.831513	9.146643	0.465374
64818.412745	0.590000	-129.882812	260.839844
64818.414745	0.837261	-129.882812	260.839844
64818.416745	0.833747	9.171218	0.087066
64819.441175	0.666979	-342.382812	-37.109375
64819.447174	0.832094	-342.382812	-37.109375
64819.451173	0.829275	9.122024	0.099895
64820.503241	0.826987	-132.910156	247.558594
64820.505244	0.835644	-132.910156	247.558594
64820.509242	0.831717	9.148885	0.257145
64821.525755	0.602341	-339.648437	-37.500000
64821.527757	0.837382	-339.648437	-37.500000
64821.529757	0.833723	9.170953	0.102894
64822.587759	0.799391	-136.621094	230.859375
64822.589759	0.835741	-136.621094	230.859375
64822.591760	0.833101	9.164111	0.088797
64823.610742	0.632600	-342.871094	-36.621094
64823.612745	0.837830	-342.871094	-36.621094
64823.616742	0.832013	9.152146	0.098971
64824.680762	0.794753	-133.593750	261.914062
64824.682763	0.834833	-133.593750	261.914062
64824.684763	0.832085	9.152935	0.086249
64825.696818	0.817230	-349.902344	-35.351562
64825.698819	0.834629	-349.902344	-35.351562
64825.700820	0.832171	9.153883	0.098496
64826.767331	0.835581	-138.281250	253.417969
64826.769332	0.832659	9.159245	0.091728
64827.779880	0.834114	-351.660156	-33.984375
64827.781882	0.831809	-351.660156	-33.984375
64827.783881	0.831736	9.149097	0.099004
64828.856495	0.838124	-134.765625	298.339844
64828.858496	0.835245	9.187694	0.092257
64829.866502	0.812711	-343.554687	-32.128906
64829.868503	0.834526	-343.554687	-32.128906
64829.870505	0.831942	9.151358	0.122042
64830.938584	0.654732	-139.062500	290.136719
64830.940586	0.836508	-139.062500	290.136719
64830.942586	0.832885	9.161736	0.097322
64831.950657	0.724353	-354.394531	-28.027344
64831.952659	0.835420	-354.394531	-28.027344
64831.954659	0.832327	9.155594	0.091811
64833.022683	0.460034	-136.718750	305.371094
64833.024684	0.824586	-136.718750	305.371094
64833.026686	0.833886	-136.718750	305.371094
64833.028689	0.831510	9.146607	0.100710
64834.045259	0.836819	-348.046875	-26.660156
64834.047260	0.833125	-348.046875	-26.660156
64834.049261	0.831016	9.141174	0.088337
64835.103325	0.834700	-132.617187	312.207031
64835.105326	0.832305	9.155354	0.238390
64836.133877	0.836191	-362.304687	-24.804687
64836.137877	0.831914	9.151056	0.491385
64837.180849	0.645875	-127.832031	314.062500
64837.182851	0.838385	-127.832031	314.062500
64837.184850	0.834675	9.181427	0.104617
64838.228841	0.495166	-346.582031	-27.148437
64838.230843	0.830812	-346.582031	-27.148437
64838.232842	0.834037	-346.582031	-27.148437
64838.234844	0.831863	9.150489	0.089976
64839.264870	0.427570	-127.148437	303.515625
64839.268870	0.834073	-127.148437	303.515625
64839.270871	0.831681	-127.148437	303.515625
64839.272871	0.829807	9.127872	0.103617
64840.315873	0.837491	-354.296875	-27.832031
64840.317874	0.835764	-354.296875	-27.832031
64840.319875	0.833592	9.169507	0.461283
64841.346476	1.183977	-128.417969	284.277344
64841.348477	0.838152	-128.417969	284.277344
64841.350476	0.834427	9.178698	0.102264
64842.403393	0.677489	-344.726562	-30.859375
64842.405395	0.836820	-344.726562	-30.859375
64842.407397	0.833233	9.165564	0.095382
64843.435465	0.651708	-126.074219	294.140625
64843.437469	0.836637	-126.074219	294.140625
64843.439467	0.832990	9.162888	0.096015
64844.491530	0.835156	-350.781250	-32.031250
64844.493532	0.832923	9.162151	0.356177
64845.524052	0.834404	-127.929687	279.394531
64845.526054	0.832313	9.155443	0.096450
64846.578664	0.836829	-347.167969	-33.593750
64846.580666	0.834770	9.182473	0.097800
64847.609232	0.636395	-124.511719	303.125000
64847.611234	0.837556	-124.511719	303.125000
64847.613234	0.833876	9.172636	0.095674
64848.661729	0.597930	-344.921875	-34.375000
64848.663732	0.837359	-344.921875	-34.375000
64848.665732	0.837278	9.210061	0.099874
64849.695798	0.836294	-129.003906	275.097656
64849.697799	0.833370	9.167070	0.097717
64850.748379	0.835735	-351.855469	-33.105469
64850.750380	0.833773	9.171502	0.098018
64851.783308	0.692662	-122.656250	313.281250
64851.785310	0.837656	-122.656250	313.281250
64851.787308	0.834295	9.177244	0.088999
64852.835338	0.543235	-339.941406	-33.496094
64852.837337	0.835080	-339.941406	-33.496094
64852.839338	0.833150	9.164651	0.098262
64853.869412	0.832681	-127.050781	295.996094
64853.871414	0.834025	-127.050781	295.996094
64853.875411	0.829877	9.128643	0.393365
64854.923995	0.458995	-335.839844	-32.421875
64854.925999	0.824364	-335.839844	-32.421875
64854.927999	0.834065	-335.839844	-32.421875
64854.931997	0.829861	9.128475	0.095716
64855.954041	0.821406	-123.632812	321.777344
64855.956041	0.834200	-123.632812	321.777344
64855.958041	0.831722	9.148947	0.217455
64857.010022	0.731286	-353.027344	-29.101562
64857.012025	0.835727	-353.027344	-29.101562
64857.014023	0.832661	9.159271	0.090056
64858.042067	0.704939	-127.539062	312.792969
64858.044069	0.836877	-127.539062	312.792969
64858.046068	0.833599	9.169587	0.101167
64859.099009	0.832457	-337.597656	-29.003906
64859.101009	0.830375	9.134121	0.087405
64860.131058	0.712922	-127.246094	332.226562
64860.133062	0.835649	-127.246094	332.226562
64860.135061	0.832410	9.156507	0.101921
64861.175030	0.600644	-342.480469	-27.832031
64861.177034	0.837118	-342.480469	-27.832031
64861.179031	0.833551	9.169056	0.090427
64862.224995	0.820718	-127.832031	347.656250
64862.226998	0.835508	-127.832031	347.656250
64862.228995	0.833075	9.163827	0.205632
64863.256976	0.802700	-343.164062	-27.929687
64863.258979	0.835045	-343.164062	-27.929687
64863.260978	0.832423	9.156657	0.088901
64864.317028	0.683191	-136.621094	323.730469
64864.319029	0.837282	-136.621094	323.730469
64864.321028	0.833763	9.171395	0.099382
64865.338020	0.823380	-337.207031	-30.078125
64865.340022	0.834803	-337.207031	-30.078125
64865.342022	0.832485	9.157331	0.229478
64866.406114	0.708035	-137.695312	325.195312
64866.408117	0.837630	-137.695312	325.195312
64866.410117	0.834318	9.177501	0.104426
64867.418183	0.764406	-345.507812	-31.933594
64867.420185	0.835687	-345.507812	-31.933594
64867.422185	0.832771	9.160485	0.095174
64868.494750	0.641097	-136.718750	322.949219
64868.496754	0.836990	-136.718750	322.949219
64868.498752	0.833274	9.166016	0.097227
64869.502802	0.726488	-339.160156	-35.253906
64869.504803	0.835341	-339.160156	-35.253906
64869.506803	0.832203	9.154238	0.099067
64870.578866	0.446941	-141.699219	282.421875
64870.580869	0.822058	-141.699219	282.421875
64870.582869	0.834491	-141.699219	282.421875
64870.584872	0.832060	9.152660	0.095721
64871.592919	0.835140	-343.945312	-36.914062
64871.594923	0.833477	-343.945312	-36.914062
64871.596922	0.831156	9.142716	0.099745
64872.663887	0.487863	-134.765625	310.253906
64872.665889	0.499514	-134.765625	310.253906
64872.667890	0.833732	-134.765625	310.253906
64872.669891	0.831409	9.145499	0.096694
64873.680420	2.490430	-339.062500	-38.183594
64873.682420	0.836867	-339.062500	-38.183594
64873.684421	0.833418	9.167594	0.098227
64874.748985	0.553183	-138.378906	283.789062
64874.750985	0.837063	-138.378906	283.789062
64874.752984	0.834589	9.180479	0.093482
64875.767026	0.837478	-344.335937	-39.062500
64875.769026	0.833781	9.171591	0.701395
64876.837090	0.835468	-137.402344	281.738281
64876.839093	0.832808	9.160893	0.091757
64877.855643	0.833928	-329.394531	-39.550781
64877.857644	0.833989	-329.394531	-39.550781
64877.859644	0.831686	9.148548	0.102700
64878.923715	0.746802	-134.667969	297.167969
64878.927715	0.832724	-134.667969	297.167969
64878.929717	0.830716	9.137878	0.089495
64879.941770	0.835345	-337.304687	-39.550781
64879.943773	0.832572	9.158297	0.101694
64881.008384	0.713321	-135.937500	295.507812
64881.010386	0.720372	-135.937500	295.507812
64881.012386	0.832841	9.161248	0.091374
64882.024375	0.743949	-342.187500	-38.867187
64882.028375	0.833351	-342.187500	-38.867187
64882.030377	0.831496	9.146457	0.105052
64883.099333	0.835522	-137.988281	291.308594
64883.101336	0.832361	-137.988281	291.308594
64883.103338	0.830329	9.133624	0.090294
64884.111941	0.418802	-338.183594	-38.574219
64884.113942	0.814205	-338.183594	-38.574219
64884.115944	0.833886	-338.183594	-38.574219
64884.117943	0.831266	9.143931	0.102262
64885.188923	0.835983	-133.203125	326.367187
64885.190924	0.833382	9.167204	0.090033
64886.198928	0.822639	-329.882812	-37.890625
64886.200930	0.834578	-329.882812	-37.890625
64886.202928	0.832188	9.154070	0.225415
64887.271002	0.682555	-138.574219	314.941406
64887.273002	0.838115	-138.574219	314.941406
64887.275002	0.834548	9.180027	0.096898
64888.283056	0.742892	-331.250000	-36.230469
64888.285059	0.835268	-331.250000	-36.230469
64888.287058	0.832337	9.155709	0.096235
64889.361093	0.825962	-141.113281	315.527344
64889.363096	0.833762	-141.113281	315.527344
64889.365095	0.831304	9.144339	0.095152
64890.369609	0.835881	-342.968750	-33.203125
64890.371611	0.832568	9.158253	0.097246
64891.442148	0.835978	-142.187500	319.238281
64891.444148	0.834036	9.174400	0.102483
64892.458203	0.836334	-333.789062	-31.347656
64892.460205	0.832709	9.159795	0.093512
64893.522268	0.798114	-132.617187	355.468750
64893.524270	0.835076	-132.617187	355.468750
64893.526271	0.832504	9.157544	0.106587
64894.550283	0.790144	-339.257812	-29.589844
64894.552283	0.834525	-339.257812	-29.589844
64894.554285	0.831764	9.149407	0.091984
64895.602295	0.690369	-130.761719	350.097656
64895.606296	0.834123	-130.761719	350.097656
64895.608296	0.832292	9.155212	0.107641
64896.644382	0.836422	-347.070312	-28.808594
64896.646384	0.832738	9.160122	0.087968
64897.688426	0.833235	-127.050781	349.902344
64897.690429	0.834207	-127.050781	349.902344
64897.692429	0.832025	9.152270	0.396613
64898.733012	0.835005	-340.234375	-30.273437
64898.735015	0.833418	-340.234375	-30.273437
64898.737014	0.831146	9.142611	0.094345
64899.769026	0.826068	-126.367187	342.968750
64899.771029	0.828153	-126.367187	342.968750
64899.773029	0.831746	9.149204	0.276055
64900.819623	0.443794	-343.066406	-31.542969
64900.821624	0.821502	-343.066406	-31.542969
64900.823624	0.834668	-343.066406	-31.542969
64900.825625	0.832254	9.154796	0.098340
64901.854632	0.836768	-128.613281	325.097656
64901.856632	0.833177	9.164944	0.100541
64902.911545	0.838081	-331.542969	-33.984375
64902.913546	0.834580	-331.542969	-33.984375
64902.915548	0.832740	9.160140	0.095533
64903.941584	0.651719	-126.269531	334.667969
64903.943585	0.837471	-126.269531	334.667969
64903.945586	0.833737	9.171112	0.096740
64904.995686	0.832729	-332.812500	-35.546875
64904.997686	0.833998	-332.812500	-35.546875
64904.999687	0.831702	9.148717	0.099734
64906.027729	0.826327	-125.585937	337.988281
64906.029731	0.834151	-125.585937	337.988281
64906.031731	0.831747	9.149221	0.279157
64907.079796	0.771447	-333.203125	-35.937500
64907.081797	0.834583	-333.203125	-35.937500
64907.083797	0.831702	9.148726	0.101283
64908.115846	0.734952	-127.441406	328.515625
64908.117847	0.835148	-127.441406	328.515625
64908.119847	0.832123	9.153352	0.097789
64909.168355	0.709148	-338.085937	-35.156250
64909.170358	0.837875	-338.085937	-35.156250
64909.172357	0.834507	9.179575	0.094400
64910.200337	0.666536	-128.906250	321.093750
64910.202338	0.838367	-128.906250	321.093750
64910.204337	0.834665	9.181313	0.098083
64911.255311	0.835988	-338.281250	-34.765625
64911.259311	0.830785	-338.281250	-34.765625
64911.261314	0.829370	9.123069	0.097134
64912.288357	0.836480	-126.855469	337.402344
64912.290358	0.834049	9.174541	0.179413
64913.343001	0.815336	-325.195312	-34.960937
64913.345006	0.834571	-325.195312	-34.960937
64913.347004	0.832191	9.154097	0.096677
64914.377023	0.834467	-124.511719	353.515625
64914.379025	0.831840	-124.511719	353.515625
64914.381026	0.829954	9.129495	0.098940
64915.427067	0.713324	-333.984375	-32.714844
64915.429069	0.835601	-333.984375	-32.714844
64915.431071	0.832385	9.156232	0.093894
64916.459118	0.686716	-126.953125	350.878906
64916.461119	0.839068	-126.953125	350.878906
64916.463118	0.835546	9.191008	0.104708
64917.513169	0.835926	-337.890625	-31.250000
64917.515171	0.834264	-337.890625	-31.250000
64917.517171	0.832106	9.153165	0.092264
64918.547792	0.621589	-124.511719	373.046875
64918.549791	0.836825	-124.511719	373.046875
64918.551791	0.833147	9.164616	0.103515
64919.593806	0.831921	-332.519531	-31.445312
64919.595806	0.834091	-332.519531	-31.445312
64919.597806	0.831883	9.150710	0.365989
64920.641900	0.800019	-129.296875	367.187500
64920.645899	0.831963	-129.296875	367.187500
64920.647903	0.830075	9.130823	0.104700
64921.673922	0.781873	-332.324219	-31.054687
64921.675924	0.835255	-332.324219	-31.054687
64921.677924	0.832586	9.158447	0.091023
64922.731980	0.837137	-138.964844	343.847656
64922.733982	0.833524	9.168763	0.107045
64923.754548	0.763699	-333.886719	-32.324219
64923.756549	0.835014	-333.886719	-32.324219
64923.758550	0.832214	9.154353	0.094796
64924.822530	0.537303	-138.085937	353.808594
64924.824529	0.835105	-138.085937	353.808594
64924.826529	0.833548	-138.085937	353.808594
64924.828529	0.831187	9.143054	0.104767
64925.838595	0.606896	-332.421875	-34.179687
64925.840599	0.838275	-332.421875	-34.179687
64925.842598	0.834544	9.179983	0.094775
64926.913144	0.820984	-142.871094	330.273437
64926.915144	0.834086	-142.871094	330.273437
64926.917143	0.831544	9.146980	0.216590
64927.925218	0.835235	-331.640625	-36.230469
64927.927221	0.833304	9.166344	0.095181
64929.001810	0.797201	-137.207031	347.460937
64929.003812	0.835097	-137.207031	347.460937
64929.007811	0.830610	9.136708	0.096827
64930.007826	0.473113	-319.335937	-39.257812
64930.009832	0.827250	-319.335937	-39.257812
64930.011830	0.834085	-319.335937	-39.257812
64930.013831	0.831745	9.149196	0.100052
64931.087825	0.836245	-141.015625	322.265625
64931.089828	0.832660	9.159263	0.095346
64932.096420	0.834398	-329.199219	-40.039062
64932.098423	0.831858	9.150435	0.104206
64933.170993	0.722076	-135.156250	343.261719
64933.174993	0.831917	-135.156250	343.261719
64933.176996	0.829898	9.128874	0.097217
64934.185040	0.834966	-322.460937	-40.917969
64934.187041	0.832170	-322.460937	-40.917969
64934.189041	0.830224	9.132463	0.102157
64935.257070	0.836199	-137.988281	329.687500
64935.259071	0.834288	-137.988281	329.687500
64935.261072	0.832059	9.152651	0.096780
64936.267146	0.636336	-321.093750	-41.406250
64936.269148	0.837538	-321.093750	-41.406250
64936.271150	0.833845	9.172299	0.108064
64937.341174	0.786537	-138.867187	326.562500
64937.343178	0.834649	-138.867187	326.562500
64937.345178	0.831861	9.150471	0.095248
64938.357159	0.805181	-324.414062	-40.722656
64938.359166	0.834493	-324.414062	-40.722656
64938.361171	0.831981	9.151792	0.103029
64939.429749	0.733438	-140.527344	322.070312
64939.431748	0.835267	-140.527344	322.070312
64939.433753	0.835033	9.185362	0.095414
64940.442291	0.824548	-328.515625	-39.843750
64940.444294	0.834471	-328.515625	-39.843750
64940.446295	0.832046	9.152510	0.250815
64941.518338	0.663121	-135.449219	352.734375
64941.520340	0.837007	-135.449219	352.734375
64941.524343	0.831372	9.145092	0.097806
64942.526389	0.743901	-318.457031	-39.941406
64942.528389	0.834918	-318.457031	-39.941406
64942.530389	0.831990	9.151890	0.100287
64943.606409	0.836213	-135.839844	361.132812
64943.608410	0.833876	9.172636	0.216949
64944.614396	0.532650	-321.191406	-37.792969
64944.616397	0.834992	-321.191406	-37.792969
64944.618399	0.833728	-321.191406	-37.792969
64944.620399	0.831439	9.145827	0.096765
64945.688435	0.734037	-139.257812	353.710937
64945.690439	0.836243	-139.257812	353.710937
64945.692437	0.833137	9.164510	0.103990
64946.700427	0.774300	-326.367187	-35.253906
64946.702429	0.835113	-326.367187	-35.253906
64946.704431	0.832351	9.155859	0.096553
64947.776480	0.833318	-139.453125	356.640625
64947.778480	0.830988	9.140864	0.105315
64948.789066	0.726952	-336.816406	-31.738281
64948.791069	0.835725	-336.816406	-31.738281
64948.795069	0.830623	9.136850	0.096359
64949.853082	0.507565	-134.765625	367.871094
64949.855083	0.832402	-134.765625	367.871094
64949.857084	0.833795	-134.765625	367.871094
64949.859084	0.831478	9.146253	0.109224
64950.878588	1.995718	-327.246094	-32.519531
64950.885841	0.833721	-327.246094	-32.519531
64950.887843	0.831688	9.148566	0.095056
64951.933872	0.515236	-128.808594	377.832031
64951.935873	0.832993	-128.808594	377.832031
64951.937875	0.833816	-128.808594	377.832031
64951.939874	0.831044	9.141485	0.110496
64952.975934	0.817337	-333.593750	-32.128906
64952.979933	0.831053	-333.593750	-32.128906
64952.981935	0.829217	9.121386	0.090518
64954.014519	0.484451	-124.316406	385.351562
64954.016522	0.829234	-124.316406	385.351562
64954.018521	0.834157	-124.316406	385.351562
64954.020522	0.831832	9.150152	0.110848
64955.064595	0.790681	-324.414062	-33.593750
64955.066595	0.834485	-324.414062	-33.593750
64955.068597	0.831714	9.148858	0.094825
64956.102659	0.834761	-127.343750	366.406250
64956.104661	0.831872	9.150595	0.103294
64957.155188	0.835918	-318.261719	-35.351562
64957.157190	0.832875	9.161629	0.094988
64958.185212	0.714494	-123.632812	378.515625
64958.187215	0.836440	-123.632812	378.515625
64958.189215	0.836282	9.199107	0.107403
64959.243246	0.835607	-327.343750	-35.742187
64959.247248	0.831210	9.143311	0.094427
64960.271818	0.836927	-128.320312	356.152344
64960.273819	0.833356	9.166911	0.103134
64961.326466	0.637047	-318.164062	-37.792969
64961.328468	0.837237	-318.164062	-37.792969
64961.330468	0.833584	9.169419	0.097420
64962.358523	0.605204	-127.441406	362.304687
64962.360527	0.836470	-127.441406	362.304687
64962.362527	0.832866	9.161523	0.101111
64963.416577	0.813221	-324.804687	-37.695312
64963.420578	0.832211	-324.804687	-37.695312
64963.422581	0.830461	9.135069	0.122556
64964.443479	0.624519	-126.464844	364.843750
64964.445481	0.837787	-126.464844	364.843750
64964.447481	0.833969	9.173664	0.101450
64965.501487	0.816227	-327.246094	-37.109375
64965.503488	0.834583	-327.246094	-37.109375
64965.505489	0.832111	9.153218	0.156570
64966.529596	0.817245	-124.902344	372.460937
64966.531598	0.834294	-124.902344	372.460937
64966.533599	0.831784	9.149630	0.175776
64967.589628	0.711691	-313.769531	-37.695312
64967.591630	0.835683	-313.769531	-37.695312
64967.593629	0.832460	9.157065	0.093482
64968.619633	0.836210	-123.828125	384.179687
64968.621634	0.832949	-123.828125	384.179687
64968.625633	0.829356	9.122918	0.100419
64969.669712	0.558216	-323.242187	-35.839844
64969.671713	0.836494	-323.242187	-35.839844
64969.673714	0.833845	9.172291	0.101515
64970.701750	0.516933	-126.074219	381.250000
64970.703751	0.833026	-126.074219	381.250000
64970.705752	0.833346	-126.074219	381.250000
64970.707751	0.830993	9.140927	0.106494
64971.759712	0.768496	-329.589844	-34.277344
64971.761713	0.834877	-329.589844	-34.277344
64971.763715	0.831999	9.151987	0.091807
64972.790668	0.507564	-122.949219	398.535156
64972.792669	0.832261	-122.949219	398.535156
64972.794670	0.833762	-122.949219	398.535156
64972.796669	0.831465	9.146111	0.107300
64973.844689	0.783046	-325.390625	-33.984375
64973.846691	0.834924	-325.390625	-33.984375
64973.848696	0.832221	9.154432	0.091499
64974.882753	0.835393	-129.589844	383.203125
64974.884754	0.832442	9.156861	0.108620
64975.925422	0.778512	-323.632812	-34.277344
64975.927423	0.834827	-323.632812	-34.277344
64975.929427	0.832104	9.153148	0.092762
64976.973462	0.693724	-131.542969	388.867187
64976.977461	0.833279	-131.542969	388.867187
64976.979464	0.831320	9.144525	0.108435
64977.999456	0.835681	-315.820312	-34.765625
64978.003457	0.830231	9.132544	0.094065
64979.069515	0.421144	-136.523437	383.789062
64979.071519	0.815411	-136.523437	383.789062
64979.073518	0.834533	-136.523437	383.789062
64979.075518	0.832041	9.152448	0.107387
64980.077585	0.539937	-316.992187	-35.546875
64980.079584	0.836221	-316.992187	-35.546875
64980.081585	0.834397	9.178370	0.095374
64981.163698	0.700043	-139.257812	380.078125
64981.165702	0.836980	-139.257812	380.078125
64981.167702	0.833757	9.171324	0.105114
64982.167736	0.780912	-312.792969	-38.867187
64982.169738	0.835425	-312.792969	-38.867187
64982.171737	0.832672	9.159396	0.096672
64983.246269	0.837076	-145.019531	354.785156
64983.248272	0.836943	9.206375	0.102885
64984.255247	0.833008	-323.925781	-39.941406
64984.257249	0.830558	-323.925781	-39.941406
64984.259250	0.828915	9.118062	0.101584
64985.337844	0.832668	-138.671875	373.828125
64985.339846	0.830762	-138.671875	373.828125
64985.341847	0.829389	9.123282	0.093869
64986.337876	0.820379	-306.054687	-42.382812
64986.339878	0.835180	-306.054687	-42.382812
64986.341880	0.832708	9.159785	0.194822
64987.421923	0.598962	-138.183594	373.339844
64987.423924	0.836605	-138.183594	373.339844
64987.425926	0.833047	9.163517	0.099315
64988.425910	0.701766	-309.082031	-43.261719
64988.427914	0.836412	-309.082031	-43.261719
64988.429914	0.833055	9.163605	0.100173
64989.510001	0.836921	-136.132812	378.222656
64989.512003	0.834263	9.176890	0.097702
64990.509976	0.512541	-323.144531	-42.480469
64990.511978	0.833248	-323.144531	-42.480469
64990.513976	0.834084	-323.144531	-42.480469
64990.515977	0.831847	9.150320	0.104074
64991.592009	0.680416	-140.332031	362.792969
64991.594013	0.688824	-140.332031	362.792969
64991.596012	0.834036	9.174400	0.101365
64992.596095	0.773613	-308.691406	-43.261719
64992.598096	0.835370	-308.691406	-43.261719
64992.602095	0.830660	9.137258	0.104352
64993.678114	0.830390	-145.117187	346.875000
64993.680114	0.834354	-145.117187	346.875000
64993.684113	0.830317	9.133492	0.341214
64994.684151	0.600373	-314.453125	-42.285156
64994.686155	0.838020	-314.453125	-42.285156
64994.688159	0.834308	9.177386	0.102025
64995.768165	0.836746	-137.792969	379.492187
64995.770167	0.833703	9.170731	0.099036
64996.770187	0.638997	-308.300781	-41.699219
64996.772189	0.834930	-308.300781	-41.699219
64996.774191	0.832414	9.156551	0.101537
64997.850250	0.570342	-137.988281	383.203125
64997.852251	0.837674	-137.988281	383.203125
64997.854250	0.834562	9.180178	0.106387
64998.860211	0.836745	-308.886719	-39.843750
64998.862213	0.833310	-308.886719	-39.843750
64998.864211	0.831322	9.144542	0.098751
64999.936253	0.786986	-142.187500	372.460937
64999.938254	0.835412	-142.187500	372.460937
64999.940254	0.832678	9.159457	0.105865
65000.944858	0.837733	-319.140625	-37.109375
65000.946858	0.834142	-319.140625	-37.109375
65000.950857	0.830475	9.135228	0.098894
65002.020912	0.762416	-140.625000	376.757812
65002.022913	0.835340	-140.625000	376.757812
65002.024914	0.832576	9.158333	0.111381
65003.037520	0.831548	-310.253906	-36.230469
65003.039523	0.833654	-310.253906	-36.230469
65003.041523	0.831289	9.144179	0.092865
65004.101982	0.798303	-132.031250	396.875000
65004.103984	0.835064	-132.031250	396.875000
65004.105982	0.832458	9.157038	0.110318
65005.129980	0.788365	-314.941406	-35.546875
65005.131982	0.835132	-314.941406	-35.546875
65005.133983	0.832489	9.157384	0.090724
65006.182030	0.691668	-132.324219	387.597656
65006.184030	0.836345	-132.324219	387.597656
65006.186031	0.832989	9.162879	0.111881
65007.218573	0.735608	-323.437500	-34.667969
65007.220574	0.834733	-323.437500	-34.667969
65007.222575	0.831699	9.148690	0.093979
65008.269615	0.835268	-127.734375	393.945312
65008.271618	0.832660	9.159263	0.108558
65009.308142	0.811665	-313.281250	-36.621094
65009.310141	0.834181	-313.281250	-36.621094
65009.312143	0.831676	9.148433	0.120214
65010.350139	0.836488	-122.167969	407.812500
65010.352145	0.833671	9.170384	0.107148
65011.396212	0.687229	-314.062500	-37.597656
65011.398214	0.836332	-314.062500	-37.597656
65011.400214	0.832914	9.162055	0.099340
65012.436283	0.832606	-128.027344	386.132812
65012.438285	0.830452	9.134971	0.109431
65013.486924	0.837211	-319.531250	-38.183594
65013.488930	0.833501	9.168507	0.097181
65014.517514	0.714601	-130.761719	375.390625
65014.519516	0.835269	-130.761719	375.390625
65014.521517	0.832128	9.153404	0.110979
65015.570451	0.757440	-319.628906	-38.964844
65015.572452	0.835187	-319.628906	-38.964844
65015.574452	0.832327	9.155602	0.100940
65016.607080	0.800298	-129.492187	381.347656
65016.609082	0.835681	-129.492187	381.347656
65016.613079	0.831321	9.144533	0.102472
65017.662070	0.834562	-316.113281	-39.648437
65017.672070	0.827401	9.101410	0.097432
65018.690653	0.561441	-125.976562	393.164062
65018.692656	0.837576	-125.976562	393.164062
65018.696658	0.832665	9.159316	0.109236
65019.744693	0.806075	-315.039062	-39.453125
65019.746695	0.834080	-315.039062	-39.453125
65019.748695	0.831444	9.145881	0.097796
65020.781308	0.828718	-130.175781	380.859375
65020.783315	0.833690	-130.175781	380.859375
65020.785314	0.831242	9.143665	0.105002
65021.828295	0.590231	-315.722656	-38.769531
65021.830295	0.836635	-315.722656	-38.769531
65021.832294	0.833187	9.165059	0.098965
65022.866349	0.837796	-127.734375	391.601562
65022.868349	0.837446	-127.734375	391.601562
65022.870350	0.835013	9.185141	0.452617
65023.912959	0.529262	-317.968750	-37.207031
65023.914963	0.835723	-317.968750	-37.207031
65023.916963	0.834046	-317.968750	-37.207031
65023.918963	0.831895	9.150844	0.095578
65024.953521	0.584774	-123.144531	409.277344
65024.955524	0.836576	-123.144531	409.277344
65024.957523	0.833113	9.164243	0.108061
65026.001995	0.557444	-312.890625	-37.597656
65026.003996	0.837116	-312.890625	-37.597656
65026.005998	0.834483	9.179317	0.093420
65027.043986	0.822658	-124.218750	410.351562
65027.045987	0.833902	-124.218750	410.351562
65027.047987	0.831446	9.145907	0.110324
65028.083976	0.788280	-320.214844	-36.132812
65028.085977	0.834232	-320.214844	-36.132812
65028.087978	0.831499	9.146483	0.094483
65029.130918	0.446076	-132.421875	393.359375
65029.132921	0.821326	-132.421875	393.359375
65029.134921	0.833938	-132.421875	393.359375
65029.136921	0.831487	9.146358	0.112227
65030.164980	0.811484	-315.820312	-37.207031
65030.168981	0.831461	-315.820312	-37.207031
65030.172980	0.828469	9.113161	0.103087
65031.225500	0.775589	-138.769531	382.910156
65031.227502	0.834394	-138.769531	382.910156
65031.229501	0.831631	9.147945	0.111986
65032.248478	0.580229	-310.156250	-38.281250
65032.250478	0.836255	-310.156250	-38.281250
65032.252480	0.832955	9.162506	0.090140
65033.316492	0.835458	-136.328125	397.070312
65033.318494	0.832750	9.160255	0.112681
65034.330535	0.805329	-309.277344	-40.527344
65034.332537	0.834557	-309.277344	-40.527344
65034.334536	0.831921	9.151127	0.092931
65035.406556	0.596847	-141.601562	384.082031
65035.408558	0.837207	-141.601562	384.082031
65035.410559	0.833562	9.169180	0.108117
65036.414575	0.687327	-302.636719	-42.382812
65036.416577	0.836599	-302.636719	-42.382812
65036.418578	0.833302	9.166317	0.094610
65037.494648	0.834448	-144.531250	373.437500
65037.496650	0.831912	9.151030	0.104674
65038.499234	0.643506	-310.449219	-43.457031
65038.501236	0.837406	-310.449219	-43.457031
65038.503238	0.833739	9.171129	0.100288
65039.581774	0.819122	-141.503906	381.250000
65039.583775	0.834804	-141.503906	381.250000
65039.585777	0.832349	9.155842	0.186329
65040.583849	0.584489	-301.660156	-44.726562
65040.587852	0.833290	-301.660156	-44.726562
65040.589854	0.831087	9.141955	0.102500
65041.665847	0.721485	-145.898437	364.843750
65041.667849	0.835398	-145.898437	364.843750
65041.669850	0.832248	9.154725	0.105923
65042.674721	0.836396	-306.347656	-45.312500
65042.676724	0.833639	9.170031	0.101484
65043.751374	0.809656	-140.722656	380.957031
65043.753376	0.835002	-140.722656	380.957031
65043.757376	0.830670	9.137373	0.102674
65044.757439	0.519111	-301.953125	-45.703125
65044.759442	0.833345	-301.953125	-45.703125
65044.761442	0.833405	-301.953125	-45.703125
65044.763441	0.831080	9.141884	0.103542
65045.839500	0.692533	-146.289062	364.746094
65045.841503	0.837297	-146.289062	364.746094
65045.843504	0.833886	9.172750	0.103841
65046.847557	0.764689	-308.593750	-44.433594
65046.849562	0.835267	-308.593750	-44.433594
65046.851568	0.832430	9.156728	0.100092
65047.924611	0.737216	-139.843750	387.597656
65047.926613	0.835872	-139.843750	387.597656
65047.928613	0.832867	9.161541	0.105885
65048.932676	0.796969	-302.343750	-43.847656
65048.934678	0.834876	-302.343750	-43.847656
65048.938676	0.830353	9.133882	0.099417
65050.010796	0.836648	-144.531250	375.488281
65050.012798	0.833186	9.165050	0.108651
65051.017371	0.777029	-310.644531	-41.503906
65051.019373	0.834881	-310.644531	-41.503906
65051.021374	0.832055	9.152607	0.100270
65052.095998	0.836325	-137.011719	396.875000
65052.098000	0.832776	9.160539	0.109542
65053.106501	0.794735	-306.738281	-40.234375
65053.108503	0.834118	-306.738281	-40.234375
65053.110503	0.831441	9.145854	0.097988
65054.178532	0.595762	-139.062500	389.746094
65054.180534	0.837483	-139.062500	389.746094
65054.182533	0.833917	9.173088	0.111384
65055.202560	0.835267	-297.656250	-39.257812
65055.204564	0.833326	9.166583	0.735947
65056.260609	0.812766	-137.011719	389.746094
65056.262612	0.833837	-137.011719	389.746094
65056.264611	0.831218	9.143399	0.113106
65057.287217	0.551715	-312.109375	-37.402344
65057.289218	0.838895	-312.109375	-37.402344
65057.291219	0.836637	9.203007	0.096494
65058.341847	0.834367	-125.585937	412.207031
65058.343851	0.832831	-125.585937	412.207031
65058.345848	0.830549	9.136044	0.112834
65059.382307	0.835400	-297.851562	-39.062500
65059.384310	0.832808	9.160884	0.093111
65060.426327	0.818672	-122.851562	415.039062
65060.428330	0.834106	-122.851562	415.039062
65060.430329	0.831652	9.148168	0.110305
65061.470781	0.817324	-315.234375	-37.890625
65061.472783	0.833987	-315.234375	-37.890625
65061.474783	0.831461	9.146076	0.095345
65062.510831	0.786619	-123.730469	411.621094
65062.512833	0.835259	-123.730469	411.621094
65062.514834	0.832556	9.158111	0.107994
65063.560913	0.835449	-301.464844	-40.136719
65063.562917	0.832247	9.154716	0.094843
65064.596956	0.836652	-128.906250	396.093750
65064.600954	0.831055	9.141601	0.105638
65065.643959	0.744511	-306.835937	-41.210937
65065.645962	0.834645	-306.835937	-41.210937
65065.647962	0.831590	9.147494	0.099223
65066.679998	0.701728	-129.492187	394.531250
65066.682004	0.836411	-129.492187	394.531250
65066.684006	0.833171	9.164882	0.107216
65067.734974	0.835512	-306.835937	-41.113281
65067.736976	0.832584	9.158421	0.096255
65068.767565	0.834397	-130.859375	388.964844
65068.769567	0.831756	9.149320	0.105456
65069.817629	0.717474	-309.667969	-41.406250
65069.821628	0.832845	-309.667969	-41.406250
65069.825630	0.829347	9.122812	0.101898
65070.854645	0.811802	-129.785156	393.554687
65070.856648	0.834265	-129.785156	393.554687
65070.858647	0.831730	9.149027	0.120649
65071.908694	0.836341	-293.066406	-43.652344
65071.910696	0.833401	9.167407	0.096140
65072.938639	1.323107	-126.367187	403.027344
65072.940642	0.836622	-126.367187	403.027344
65072.942642	0.833261	9.165874	0.109378
65073.990700	0.551364	-306.152344	-41.406250
65073.994700	0.833972	-306.152344	-41.406250
65073.996701	0.831800	9.149797	0.097363
65075.029300	0.836524	-120.800781	417.089844
65075.031304	0.832890	9.161788	0.105017
65076.075313	0.481389	-301.757812	-40.820312
65076.077315	0.828767	-301.757812	-40.820312
65076.079316	0.834140	-301.757812	-40.820312
65076.081315	0.831802	9.149824	0.098079
65077.117416	0.811359	-128.125000	400.976562
65077.119418	0.834024	-128.125000	400.976562
65077.121419	0.831440	9.145845	0.108506
65078.162030	0.821388	-299.218750	-40.917969
65078.164032	0.834638	-299.218750	-40.917969
65078.168028	0.830443	9.134874	0.209222
65079.202069	0.790684	-133.691406	391.113281
65079.204070	0.834233	-133.691406	391.113281
65079.206073	0.831535	9.146882	0.115844
65080.241072	0.515838	-300.878906	-40.039062
65080.243073	0.832928	-300.878906	-40.039062
65080.245074	0.833508	-300.878906	-40.039062
65080.247076	0.831134	9.142469	0.096898
