crossing time (s)	slope (V/s)	crossing number
281474976710655.000000	3.352387	10045	88469913600.000000
281474976710655.000000	3.776188	10046	88470962176.000000
281474976710655.000000	4.976130	10047	88471986176.000000
281474976710655.000000	5.664970	10048	88473034752.000000
281474976710655.000000	5.493410	10049	88474050560.000000
281474976710655.000000	3.520687	10050	88475115520.000000
281474976710655.000000	3.970582	10051	88476131328.000000
281474976710655.000000	4.878049	10052	88477196288.000000
281474976710655.000000	4.874603	10053	88478195712.000000
281474976710655.000000	4.009117	10054	88479268864.000000
281474976710655.000000	4.207902	10055	88480276480.000000
281474976710655.000000	4.059154	10056	88481349632.000000
281474976710655.000000	3.828502	10057	88482365440.000000
281474976710655.000000	5.386882	10058	88483414016.000000
281474976710655.000000	5.171257	10059	88484438016.000000
281474976710655.000000	4.526309	10060	88485486592.000000
281474976710655.000000	4.167639	10061	88486510592.000000
281474976710655.000000	3.793202	10062	88487567360.000000
281474976710655.000000	4.002475	10063	88488591360.000000
281474976710655.000000	5.172142	10064	88489639936.000000
281474976710655.000000	4.939129	10065	88490663936.000000
281474976710655.000000	4.784606	10066	88491712512.000000
281474976710655.000000	4.627361	10067	88492736512.000000
281474976710655.000000	3.982386	10068	88493793280.000000
281474976710655.000000	3.608079	10069	88494817280.000000
281474976710655.000000	4.762790	10070	88495874048.000000
281474976710655.000000	4.743846	10071	88496889856.000000
281474976710655.000000	5.065247	10072	88497946624.000000
281474976710655.000000	5.014393	10073	88498954240.000000
281474976710655.000000	4.148998	10074	88500027392.000000
281474976710655.000000	4.349447	10075	88501035008.000000
281474976710655.000000	4.179335	10076	88502108160.000000
281474976710655.000000	4.226963	10077	88503107584.000000
281474976710655.000000	4.362404	10078	88504180736.000000
281474976710655.000000	4.331014	10079	88505188352.000000
281474976710655.000000	4.375953	10080	88506253312.000000
281474976710655.000000	4.729972	10081	88507269120.000000
281474976710655.000000	5.003685	10082	88508317696.000000
281474976710655.000000	4.827410	10083	88509349888.000000
281474976710655.000000	4.319753	10084	88510390272.000000
281474976710655.000000	4.344771	10085	88511430656.000000
281474976710655.000000	4.595758	10086	88512471040.000000
281474976710655.000000	4.692604	10087	88513503232.000000
281474976710655.000000	4.336605	10088	88514551808.000000
281474976710655.000000	4.029675	10089	88515575808.000000
281474976710655.000000	4.527176	10090	88516624384.000000
281474976710655.000000	4.496352	10091	88517648384.000000
281474976710655.000000	4.703285	10092	88518705152.000000
281474976710655.000000	4.750013	10093	88519720960.000000
281474976710655.000000	4.145958	10094	88520785920.000000
281474976710655.000000	4.711520	10095	88521793536.000000
281474976710655.000000	4.237605	10096	88522866688.000000
281474976710655.000000	4.231438	10097	88523866112.000000
281474976710655.000000	4.656678	10098	88524939264.000000
281474976710655.000000	4.547042	10099	88525946880.000000
281474976710655.000000	4.598021	10100	88527011840.000000
281474976710655.000000	4.708272	10101	88528019456.000000
281474976710655.000000	4.269288	10102	88529092608.000000
281474976710655.000000	4.336487	10103	88530100224.000000
281474976710655.000000	4.627659	10104	88531165184.000000
281474976710655.000000	4.506440	10105	88532172800.000000
281474976710655.000000	4.759322	10106	88533237760.000000
281474976710655.000000	4.767008	10107	88534245376.000000
281474976710655.000000	4.324927	10108	88535318528.000000
281474976710655.000000	4.150979	10109	88536326144.000000
281474976710655.000000	4.626643	10110	88537391104.000000
281474976710655.000000	4.582074	10111	88538406912.000000
281474976710655.000000	4.766926	10112	88539455488.000000
281474976710655.000000	4.668403	10113	88540487680.000000
281474976710655.000000	4.479850	10114	88541536256.000000
281474976710655.000000	4.195614	10115	88542568448.000000
281474976710655.000000	4.843311	10116	88543608832.000000
281474976710655.000000	4.754910	10117	88544641024.000000
281474976710655.000000	4.577220	10118	88545681408.000000
281474976710655.000000	4.437903	10119	88546713600.000000
281474976710655.000000	4.188945	10120	88547762176.000000
281474976710655.000000	4.718907	10121	88548794368.000000
281474976710655.000000	4.722406	10122	88549842944.000000
281474976710655.000000	5.064191	10123	88550858752.000000
281474976710655.000000	4.226003	10124	88551923712.000000
281474976710655.000000	4.498138	10125	88552931328.000000
281474976710655.000000	4.532881	10126	88553996288.000000
281474976710655.000000	4.807953	10127	88555012096.000000
281474976710655.000000	4.528272	10128	88556077056.000000
281474976710655.000000	4.589031	10129	88557084672.000000
281474976710655.000000	4.321271	10130	88558149632.000000
281474976710655.000000	4.462196	10131	88559157248.000000
281474976710655.000000	4.671146	10132	88560222208.000000
281474976710655.000000	4.796764	10133	88561238016.000000
281474976710655.000000	4.508895	10134	88562302976.000000
281474976710655.000000	4.556941	10135	88563310592.000000
281474976710655.000000	4.409913	10136	88564375552.000000
281474976710655.000000	4.344535	10137	88565391360.000000
281474976710655.000000	4.675139	10138	88566448128.000000
281474976710655.000000	4.804629	10139	88567463936.000000
281474976710655.000000	4.419263	10140	88568528896.000000
281474976710655.000000	4.634792	10141	88569536512.000000
281474976710655.000000	4.527978	10142	88570601472.000000
281474976710655.000000	4.550904	10143	88571617280.000000
281474976710655.000000	4.450391	10144	88572682240.000000
281474976710655.000000	4.588078	10145	88573689856.000000
281474976710655.000000	4.505108	10146	88574754816.000000
281474976710655.000000	4.717449	10147	88575770624.000000
281474976710655.000000	4.835764	10148	88576827392.000000
281474976710655.000000	4.876622	10149	88577851392.000000
281474976710655.000000	4.561398	10150	88578899968.000000
281474976710655.000000	4.639585	10151	88579932160.000000
281474976710655.000000	4.449936	10152	88580972544.000000
281474976710655.000000	4.575552	10153	88582012928.000000
281474976710655.000000	4.793571	10154	88583045120.000000
281474976710655.000000	4.577106	10155	88584085504.000000
281474976710655.000000	4.590386	10156	88585125888.000000
281474976710655.000000	4.584422	10157	88586158080.000000
281474976710655.000000	4.721508	10158	88587198464.000000
281474976710655.000000	4.879003	10159	88588230656.000000
281474976710655.000000	4.646061	10160	88589279232.000000
281474976710655.000000	4.645708	10161	88590303232.000000
281474976710655.000000	4.445709	10162	88591360000.000000
281474976710655.000000	4.404260	10163	88592375808.000000
281474976710655.000000	4.722363	10164	88593432576.000000
281474976710655.000000	4.563139	10165	88594456576.000000
281474976710655.000000	4.748451	10166	88595513344.000000
281474976710655.000000	4.668561	10167	88596529152.000000
281474976710655.000000	4.575155	10168	88597585920.000000
281474976710655.000000	4.490308	10169	88598601728.000000
281474976710655.000000	4.586848	10170	88599666688.000000
281474976710655.000000	4.682229	10171	88600682496.000000
281474976710655.000000	4.696579	10172	88601739264.000000
281474976710655.000000	4.778888	10173	88602755072.000000
281474976710655.000000	4.701093	10174	88603811840.000000
281474976710655.000000	4.499933	10175	88604835840.000000
281474976710655.000000	4.717161	10176	88605884416.000000
281474976710655.000000	4.604211	10177	88606916608.000000
281474976710655.000000	4.731187	10178	88607956992.000000
281474976710655.000000	4.662493	10179	88608997376.000000
281474976710655.000000	4.736769	10180	88610029568.000000
281474976710655.000000	4.666838	10181	88611069952.000000
281474976710655.000000	4.608816	10182	88612110336.000000
281474976710655.000000	4.993916	10183	88613142528.000000
281474976710655.000000	4.500947	10184	88614182912.000000
281474976710655.000000	4.642664	10185	88615215104.000000
281474976710655.000000	4.440337	10186	88616263680.000000
281474976710655.000000	4.692753	10187	88617287680.000000
281474976710655.000000	4.637038	10188	88618344448.000000
281474976710655.000000	4.976781	10189	88619360256.000000
281474976710655.000000	4.459086	10190	88620425216.000000
281474976710655.000000	4.634599	10191	88621432832.000000
281474976710655.000000	4.768946	10192	88622505984.000000
281474976710655.000000	4.750228	10193	88623513600.000000
281474976710655.000000	4.623033	10194	88624578560.000000
281474976710655.000000	4.782546	10195	88625586176.000000
281474976710655.000000	4.519623	10196	88626651136.000000
281474976710655.000000	4.537141	10197	88627658752.000000
281474976710655.000000	4.573761	10198	88628723712.000000
281474976710655.000000	4.794648	10199	88629739520.000000
281474976710655.000000	4.589298	10200	88630804480.000000
281474976710655.000000	4.747498	10201	88631812096.000000
281474976710655.000000	4.493293	10202	88632877056.000000
281474976710655.000000	4.716752	10203	88633892864.000000
281474976710655.000000	4.632453	10204	88634957824.000000
281474976710655.000000	4.600474	10205	88635965440.000000
281474976710655.000000	4.535795	10206	88637030400.000000
281474976710655.000000	4.716905	10207	88638046208.000000
281474976710655.000000	4.682757	10208	88639102976.000000
281474976710655.000000	5.087310	10209	88640118784.000000
281474976710655.000000	4.780548	10210	88641175552.000000
281474976710655.000000	4.740170	10211	88642207744.000000
281474976710655.000000	4.585028	10212	88643248128.000000
281474976710655.000000	4.754540	10213	88644280320.000000
281474976710655.000000	4.388584	10214	88645320704.000000
281474976710655.000000	4.629384	10215	88646361088.000000
281474976710655.000000	4.766093	10216	88647393280.000000
281474976710655.000000	4.800870	10217	88648433664.000000
281474976710655.000000	4.816454	10218	88649474048.000000
281474976710655.000000	4.780081	10219	88650506240.000000
281474976710655.000000	4.985005	10220	88651546624.000000
281474976710655.000000	4.715372	10221	88652578816.000000
281474976710655.000000	4.720811	10222	88653627392.000000
281474976710655.000000	4.685824	10223	88654659584.000000
281474976710655.000000	4.769428	10224	88655708160.000000
281474976710655.000000	4.682384	10225	88656732160.000000
281474976710655.000000	4.940867	10226	88657780736.000000
281474976710655.000000	4.747687	10227	88658804736.000000
281474976710655.000000	4.642804	10228	88659861504.000000
281474976710655.000000	4.592803	10229	88660877312.000000
281474976710655.000000	4.819659	10230	88661934080.000000
281474976710655.000000	4.482449	10231	88662958080.000000
281474976710655.000000	4.983590	10232	88664006656.000000
281474976710655.000000	4.672538	10233	88665038848.000000
281474976710655.000000	4.708806	10234	88666079232.000000
281474976710655.000000	4.787688	10235	88667119616.000000
281474976710655.000000	4.846347	10236	88668160000.000000
281474976710655.000000	4.730112	10237	88669192192.000000
281474976710655.000000	4.827394	10238	88670232576.000000
281474976710655.000000	4.806593	10239	88671272960.000000
281474976710655.000000	4.625337	10240	88672305152.000000
281474976710655.000000	4.883246	10241	88673345536.000000
281474976710655.000000	4.608644	10242	88674385920.000000
281474976710655.000000	4.766795	10243	88675418112.000000
281474976710655.000000	4.640084	10244	88676458496.000000
281474976710655.000000	4.952108	10245	88677490688.000000
281474976710655.000000	4.548984	10246	88678539264.000000
281474976710655.000000	4.865751	10247	88679563264.000000
281474976710655.000000	4.579065	10248	88680620032.000000
281474976710655.000000	4.899815	10249	88681635840.000000
281474976710655.000000	4.466093	10250	88682700800.000000
281474976710655.000000	4.868440	10251	88683708416.000000
281474976710655.000000	4.690818	10252	88684773376.000000
281474976710655.000000	4.742060	10253	88685789184.000000
281474976710655.000000	4.733582	10254	88686854144.000000
281474976710655.000000	4.982950	10255	88687861760.000000
281474976710655.000000	4.497667	10256	88688926720.000000
281474976710655.000000	4.797523	10257	88689942528.000000
281474976710655.000000	4.765752	10258	88691007488.000000
281474976710655.000000	4.765714	10259	88692015104.000000
281474976710655.000000	4.557390	10260	88693080064.000000
281474976710655.000000	4.884149	10261	88694095872.000000
281474976710655.000000	4.790354	10262	88695152640.000000
281474976710655.000000	4.974447	10263	88696168448.000000
281474976710655.000000	4.688178	10264	88697225216.000000
281474976710655.000000	4.962941	10265	88698249216.000000
281474976710655.000000	4.531735	10266	88699297792.000000
281474976710655.000000	4.730742	10267	88700329984.000000
281474976710655.000000	4.884539	10268	88701370368.000000
281474976710655.000000	4.843552	10269	88702402560.000000
281474976710655.000000	4.712454	10270	88703442944.000000
281474976710655.000000	4.617302	10271	88704483328.000000
281474976710655.000000	4.730860	10272	88705523712.000000
281474976710655.000000	4.743178	10273	88706564096.000000
281474976710655.000000	4.717484	10274	88707596288.000000
281474976710655.000000	4.756445	10275	88708636672.000000
281474976710655.000000	4.849822	10276	88709668864.000000
281474976710655.000000	4.837747	10277	88710709248.000000
281474976710655.000000	4.905418	10278	88711749632.000000
281474976710655.000000	4.820323	10279	88712781824.000000
281474976710655.000000	4.754051	10280	88713830400.000000
281474976710655.000000	4.692567	10281	88714862592.000000
281474976710655.000000	4.887818	10282	88715902976.000000
281474976710655.000000	4.602902	10283	88716935168.000000
281474976710655.000000	4.928391	10284	88717983744.000000
281474976710655.000000	4.697034	10285	88719007744.000000
281474976710655.000000	4.723356	10286	88720056320.000000
281474976710655.000000	4.591418	10287	88721088512.000000
281474976710655.000000	4.844585	10288	88722128896.000000
281474976710655.000000	4.640546	10289	88723161088.000000
281474976710655.000000	4.821784	10290	88724201472.000000
281474976710655.000000	4.719339	10291	88725241856.000000
281474976710655.000000	4.884478	10292	88726274048.000000
281474976710655.000000	4.683331	10293	88727322624.000000
281474976710655.000000	4.904382	10294	88728354816.000000
281474976710655.000000	4.727811	10295	88729395200.000000
281474976710655.000000	4.762155	10296	88730427392.000000
281474976710655.000000	4.714898	10297	88731467776.000000
281474976710655.000000	4.586325	10298	88732508160.000000
281474976710655.000000	4.784991	10299	88733548544.000000
281474976710655.000000	4.773495	10300	88734588928.000000
281474976710655.000000	4.841376	10301	88735621120.000000
281474976710655.000000	4.655733	10302	88736661504.000000
281474976710655.000000	4.682068	10303	88737693696.000000
281474976710655.000000	4.543604	10304	88738742272.000000
281474976710655.000000	4.712897	10305	88739766272.000000
281474976710655.000000	4.804332	10306	88740823040.000000
281474976710655.000000	4.966750	10307	88741838848.000000
281474976710655.000000	4.635778	10308	88742895616.000000
281474976710655.000000	4.843180	10309	88743911424.000000
281474976710655.000000	4.705011	10310	88744976384.000000
281474976710655.000000	4.822583	10311	88745984000.000000
281474976710655.000000	4.561656	10312	88747048960.000000
281474976710655.000000	4.855751	10313	88748064768.000000
281474976710655.000000	4.637726	10314	88749121536.000000
281474976710655.000000	4.967864	10315	88750137344.000000
281474976710655.000000	4.636022	10316	88751202304.000000
281474976710655.000000	4.832712	10317	88752218112.000000
281474976710655.000000	4.539233	10318	88753274880.000000
281474976710655.000000	4.592476	10319	88754298880.000000
281474976710655.000000	4.681893	10320	88755347456.000000
281474976710655.000000	4.970578	10321	88756371456.000000
281474976710655.000000	4.673883	10322	88757420032.000000
281474976710655.000000	4.728763	10323	88758452224.000000
281474976710655.000000	4.639926	10324	88759492608.000000
281474976710655.000000	4.785266	10325	88760532992.000000
281474976710655.000000	4.651807	10326	88761565184.000000
281474976710655.000000	4.886711	10327	88762605568.000000
281474976710655.000000	4.739019	10328	88763645952.000000
281474976710655.000000	4.886971	10329	88764686336.000000
281474976710655.000000	4.788527	10330	88765718528.000000
281474976710655.000000	4.741917	10331	88766758912.000000
281474976710655.000000	4.849710	10332	88767791104.000000
281474976710655.000000	4.697561	10333	88768839680.000000
281474976710655.000000	4.735173	10334	88769871872.000000
281474976710655.000000	4.603807	10335	88770912256.000000
281474976710655.000000	4.813305	10336	88771952640.000000
281474976710655.000000	4.674201	10337	88772984832.000000
