num crossings	time (s)	maj axis (mm)	min axis (mm)	theta (rad )	slope (V/s)
8031	65840.116555	43.925641	15.476801	-0.589635	3.867338
8033	65842.201619	43.168665	14.458552	-0.578406	2.587409
8035	65844.286812	43.852477	15.165027	-0.592457	3.350259
8037	65846.378779	43.837067	15.237977	-0.581847	3.396889
8039	65848.462209	43.981515	15.180236	-0.587752	2.775291
8041	65850.550151	44.262116	13.054793	-0.575784	3.550828
8043	65852.629838	45.827681	14.397423	-0.601654	3.565302
8045	65854.715583	44.611394	14.929770	-0.569776	3.365813
8047	65856.791489	44.682938	14.538371	-0.586988	3.572318
8049	65858.875474	44.266957	14.509497	-0.584622	3.615866
8051	65860.962160	42.892944	11.845160	-0.523552	3.123614
8053	65863.043123	44.167315	14.694423	-0.570281	3.694396
8055	65865.132616	44.168223	14.475747	-0.570698	3.238484
8057	65867.219622	43.041363	13.869978	-0.535411	3.300938
8059	65869.304369	44.233879	14.612750	-0.565837	3.515928
8061	65871.391558	44.252122	14.155273	-0.567779	3.202980
8063	65873.476140	44.461120	14.254566	-0.571257	3.614324
8065	65875.567201	44.578733	14.439552	-0.564335	3.616004
8067	65877.657105	45.815698	13.459737	-0.585558	3.586097
8069	65879.745955	44.264747	13.880487	-0.560126	3.862854
8071	65881.840937	44.362987	13.999035	-0.558863	3.374046
8073	65883.931532	44.669930	13.773776	-0.558504	3.786884
8075	65886.021144	44.673567	13.901491	-0.545734	3.438632
8077	65888.108571	44.590103	13.964445	-0.541744	3.675264
8079	65890.194727	45.487337	13.749165	-0.534231	3.464808
8081	65892.279011	44.320403	12.234635	-0.545002	3.314539
8083	65894.367313	45.498647	13.528926	-0.529684	3.758884
8085	65896.452459	44.812503	13.640726	-0.541102	3.378970
8087	65898.540168	45.329818	13.306568	-0.528630	3.559586
8089	65900.626279	44.510918	12.765245	-0.539687	3.422702
8091	65902.714573	45.403393	13.181959	-0.523845	3.809409
8093	65904.798498	44.922128	13.187346	-0.542041	3.918811
8095	65906.883051	45.041306	13.134820	-0.543517	3.811466
8097	65908.964479	45.251641	12.298872	-0.556174	3.635884
8099	65911.044361	45.269774	13.044309	-0.536229	3.852440
8101	65913.128418	46.625364	12.390404	-0.553775	3.706507
8103	65915.210468	45.021255	12.628079	-0.522705	3.666503
8105	65917.295425	45.202159	12.801566	-0.527846	3.863749
8107	65919.382209	44.987539	12.710437	-0.524808	3.830054
8109	65921.467795	45.331835	12.375393	-0.515495	3.813197
8111	65923.554440	45.132957	12.546401	-0.528256	3.753177
8113	65925.641658	45.090905	12.751466	-0.521620	3.770221
8115	65927.726980	45.161020	12.474930	-0.521517	3.795135
8117	65929.817516	45.094620	12.108471	-0.521253	4.104690
8119	65931.905627	44.214661	9.157267	-0.480119	4.095019
8121	65933.998076	46.807574	11.811658	-0.539243	3.882548
8123	65936.089420	45.575020	12.020526	-0.510284	3.847260
8125	65938.180607	45.214700	12.090882	-0.513575	4.030802
8127	65940.269443	45.274258	11.978111	-0.507385	3.934343
8129	65942.356233	45.507706	11.969161	-0.507079	4.206022
8131	65944.440679	45.500303	11.455846	-0.517802	3.558982
8133	65946.527111	45.633696	11.833832	-0.507686	3.995664
8135	65948.612055	45.408572	11.259104	-0.519792	3.744465
8137	65950.697735	45.545041	11.691396	-0.508909	3.769879
8139	65952.785321	45.614760	11.052169	-0.521257	4.003741
8141	65954.872121	45.724010	10.970603	-0.521897	3.908160
8143	65956.956813	45.657845	11.723245	-0.503168	3.974737
8145	65959.041935	45.435986	11.681974	-0.501227	4.234534
8147	65961.125035	45.804579	11.187722	-0.500967	3.946107
8149	65963.205732	46.027969	11.422931	-0.500039	4.154134
8151	65965.288411	46.134483	11.143784	-0.486253	4.054939
8153	65967.371261	45.880018	10.812315	-0.502819	3.968960
8155	65969.454672	44.537167	9.446742	-0.466907	4.122753
8157	65971.540783	46.010215	10.763477	-0.487980	4.109382
8159	65973.626279	45.815224	11.119401	-0.488849	4.173275
8161	65975.713225	45.763161	10.743209	-0.489279	4.271862
8163	65977.799582	45.888111	10.838856	-0.491373	4.059358
8165	65979.886318	45.820749	10.096232	-0.507687	4.017429
8167	65981.974617	45.843501	10.012357	-0.507117	4.012845
8169	65984.063803	45.894837	10.684285	-0.489070	4.251590
8171	65986.154684	45.919594	10.762313	-0.484937	4.171476
8173	65988.246098	45.817350	10.280673	-0.484406	4.073442
8175	65990.336839	45.991772	10.318493	-0.486755	4.301976
8177	65992.425902	45.934569	10.429097	-0.477751	4.270138
8179	65994.513517	46.009118	10.056346	-0.486517	4.150431
8181	65996.600114	46.175809	10.727652	-0.488126	4.114343
8183	65998.684912	45.834628	10.283884	-0.476037	4.169836
8185	66000.771800	46.129717	10.028401	-0.475777	4.048959
8187	66002.858102	46.245679	9.575205	-0.489135	4.072873
8189	66004.943686	46.256860	10.196932	-0.473646	4.285951
8191	66007.032399	45.882044	10.027419	-0.474534	4.218695
8193	66009.117233	46.543107	9.739486	-0.466488	4.148680
8195	66011.202840	46.457128	9.260133	-0.490163	4.237768
8197	66013.285610	46.492068	9.954993	-0.470907	4.200792
8199	66015.366890	46.463329	9.580091	-0.470632	4.159383
8201	66017.449707	46.620469	9.455829	-0.461834	4.269492
8203	66019.532688	46.699845	9.617114	-0.464940	4.234252
8205	66021.616282	46.395771	9.381929	-0.463313	4.242269
8207	66023.702895	48.404901	9.146893	-0.494611	4.309264
8209	66025.788164	46.493243	9.092050	-0.459741	4.183322
8211	66027.875294	46.441507	9.331375	-0.463088	4.361998
8213	66029.962150	46.380909	9.267573	-0.463182	4.238425
8215	66032.048828	45.483753	7.860726	-0.436228	4.204799
8217	66034.137495	46.755360	8.933680	-0.448901	4.228499
8219	66036.227399	45.585495	5.332209	-0.420544	4.258401
8221	66038.317048	46.368092	8.930725	-0.455338	4.309788
8223	66040.409209	46.549470	8.717976	-0.462965	4.245406
8225	66042.498446	47.222530	7.363584	-0.450880	4.378425
8227	66044.586401	46.517917	8.852630	-0.450258	4.317017
8229	66046.673958	46.622924	8.618550	-0.457197	4.245475
8231	66048.760820	46.732149	8.844042	-0.449350	4.148229
8233	66050.846736	46.773608	8.775909	-0.442862	4.361800
8235	66052.932215	46.705176	9.076810	-0.455924	4.257265
8237	66055.018809	46.484386	8.719334	-0.448898	4.339681
8239	66057.105269	46.518000	8.652637	-0.448602	4.309301
8241	66059.191634	46.869286	8.435609	-0.441182	4.249049
8243	66061.276906	46.695068	7.106663	-0.433612	4.204265
8245	66063.361171	46.723079	8.351537	-0.447573	4.356699
8247	66065.443746	47.189100	8.169600	-0.438476	4.290233
8249	66067.526061	47.079274	8.293069	-0.443568	4.487581
8251	66069.608542	46.944488	8.212164	-0.440697	4.387266
8253	66071.693207	46.843276	7.851721	-0.447937	4.258127
8255	66073.777694	45.918779	6.582819	-0.420042	4.420037
8257	66075.863367	46.914765	7.707706	-0.437520	4.271855
8259	66077.949451	46.858784	7.355335	-0.450876	4.527665
8261	66080.036823	45.633864	4.584797	-0.399297	4.325250
8263	66082.123577	46.948050	7.758383	-0.436216	4.558602
8265	66084.211356	46.892572	7.640741	-0.436376	4.469161
8267	66086.301864	48.272341	7.476539	-0.462298	4.544697
8269	66088.390884	47.411756	7.503441	-0.429163	4.488043
8271	66090.480386	47.011460	7.651133	-0.431627	4.339484
8273	66092.570714	47.609631	7.542262	-0.426281	4.541819
8275	66094.659072	47.117707	7.494422	-0.429192	4.349516
8277	66096.746814	49.235652	7.048422	-0.458176	4.409072
8279	66098.832682	47.292178	7.352220	-0.424096	4.597307
8281	66100.919976	47.186194	7.280497	-0.428935	4.369926
8283	66103.005551	47.325021	7.341652	-0.426985	4.541133
8285	66105.093054	47.254776	7.042671	-0.427372	4.261184
8287	66107.179132	47.361336	7.293240	-0.425988	4.433236
8289	66109.264354	49.702228	6.718203	-0.454503	4.575801
8291	66111.349325	47.382793	6.855822	-0.425616	4.619186
8293	66113.433042	47.545185	7.141986	-0.424689	4.476584
8295	66115.515581	47.441383	6.760095	-0.425531	4.559658
8297	66117.598644	47.628427	6.648632	-0.419087	4.401471
8299	66119.682313	46.583736	2.686170	-0.389814	4.440274
8301	66121.766078	49.508205	6.475780	-0.449170	4.392937
8303	66123.851419	47.402033	6.574353	-0.417093	4.570287
8305	66125.937246	46.569159	5.155342	-0.403579	4.575003
8307	66128.022788	47.442937	6.311857	-0.415145	4.549190
8309	66130.109867	47.609162	6.688331	-0.416663	4.534500
8311	66132.197420	49.140910	6.504532	-0.443853	4.440724
8313	66134.285901	47.738999	6.233116	-0.411186	4.732475
8315	66136.375062	47.399839	6.413414	-0.417340	4.638260
8317	66138.464573	47.492271	6.449961	-0.414906	4.522610
8319	66140.555089	47.202625	6.049693	-0.417772	4.564322
8321	66142.643539	47.429612	6.258978	-0.412459	4.515824
8323	66144.731572	47.588387	6.219241	-0.411761	4.502510
8325	66146.819115	47.564403	6.068051	-0.410450	4.585631
8327	66148.905274	47.828414	6.134676	-0.411064	4.624775
8329	66150.989907	47.646362	5.944151	-0.410594	4.621737
8331	66153.077451	47.778093	6.102851	-0.409980	4.441444
8333	66155.163223	47.496065	5.929901	-0.410915	4.692378
8335	66157.249534	49.830804	5.590071	-0.439996	4.637401
