crossing time (s)	slope (V/s)	crossing number
281474976710655.000000	3.531615	8032	65842491392.000000
281474976710655.000000	3.292724	8033	65843490816.000000
281474976710655.000000	2.840741	8034	65844576256.000000
281474976710655.000000	3.328548	8035	65845571584.000000
281474976710655.000000	2.828236	8036	65846669312.000000
281474976710655.000000	2.886018	8037	65847660544.000000
281474976710655.000000	3.243032	8038	65848754176.000000
281474976710655.000000	3.358602	8039	65849745408.000000
281474976710655.000000	2.997133	8040	65850839040.000000
281474976710655.000000	3.545855	8041	65851838464.000000
281474976710655.000000	2.663214	8042	65852919808.000000
281474976710655.000000	3.303867	8043	65853927424.000000
281474976710655.000000	2.906949	8044	65855004672.000000
281474976710655.000000	3.471912	8045	65856020480.000000
281474976710655.000000	3.205677	8046	65857077248.000000
281474976710655.000000	3.612021	8047	65858109440.000000
281474976710655.000000	2.704586	8048	65859166208.000000
281474976710655.000000	3.187173	8049	65860202496.000000
281474976710655.000000	3.021876	8050	65861251072.000000
281474976710655.000000	3.511187	8051	65862291456.000000
281474976710655.000000	3.302690	8052	65863335936.000000
281474976710655.000000	3.270998	8053	65864376320.000000
281474976710655.000000	3.060503	8054	65865424896.000000
281474976710655.000000	3.249353	8055	65866465280.000000
281474976710655.000000	3.161030	8056	65867509760.000000
281474976710655.000000	3.508291	8057	65868550144.000000
281474976710655.000000	3.225466	8058	65869594624.000000
281474976710655.000000	3.220317	8059	65870639104.000000
281474976710655.000000	3.154787	8060	65871683584.000000
281474976710655.000000	3.465879	8061	65872723968.000000
281474976710655.000000	3.313280	8062	65873768448.000000
281474976710655.000000	3.531913	8063	65874808832.000000
281474976710655.000000	2.976453	8064	65875857408.000000
281474976710655.000000	3.339811	8065	65876897792.000000
281474976710655.000000	3.372780	8066	65877946368.000000
281474976710655.000000	3.806131	8067	65878970368.000000
281474976710655.000000	2.821636	8068	65880035328.000000
281474976710655.000000	3.360680	8069	65881055232.000000
281474976710655.000000	3.269037	8070	65882132480.000000
281474976710655.000000	3.756700	8071	65883140096.000000
281474976710655.000000	2.939954	8072	65884221440.000000
281474976710655.000000	3.450184	8073	65885220864.000000
281474976710655.000000	3.210309	8074	65886310400.000000
281474976710655.000000	3.481004	8075	65887305728.000000
281474976710655.000000	3.209835	8076	65888399360.000000
281474976710655.000000	3.499767	8077	65889390592.000000
281474976710655.000000	3.408179	8078	65890484224.000000
281474976710655.000000	3.336405	8079	65891479552.000000
281474976710655.000000	3.309782	8080	65892569088.000000
281474976710655.000000	3.597227	8081	65893564416.000000
281474976710655.000000	3.344835	8082	65894658048.000000
281474976710655.000000	3.331894	8083	65895653376.000000
281474976710655.000000	3.492548	8084	65896742912.000000
281474976710655.000000	3.580125	8085	65897738240.000000
281474976710655.000000	3.253961	8086	65898831872.000000
281474976710655.000000	3.486309	8087	65899823104.000000
281474976710655.000000	3.544425	8088	65900916736.000000
281474976710655.000000	3.597113	8089	65901916160.000000
281474976710655.000000	3.454539	8090	65903005696.000000
281474976710655.000000	3.786836	8091	65903996928.000000
281474976710655.000000	3.402814	8092	65905090560.000000
281474976710655.000000	3.871813	8093	65906085888.000000
281474976710655.000000	3.308832	8094	65907175424.000000
281474976710655.000000	3.597386	8095	65908174848.000000
281474976710655.000000	3.509603	8096	65909256192.000000
281474976710655.000000	3.833455	8097	65910267904.000000
281474976710655.000000	3.288099	8098	65911336960.000000
281474976710655.000000	3.684587	8099	65912360960.000000
281474976710655.000000	3.306684	8100	65913417728.000000
281474976710655.000000	3.777733	8101	65914449920.000000
281474976710655.000000	3.552081	8102	65915502592.000000
281474976710655.000000	3.798716	8103	65916538880.000000
281474976710655.000000	3.423489	8104	65917587456.000000
281474976710655.000000	3.678059	8105	65918627840.000000
281474976710655.000000	3.435975	8106	65919672320.000000
281474976710655.000000	3.803143	8107	65920712704.000000
281474976710655.000000	3.577434	8108	65921757184.000000
281474976710655.000000	3.703402	8109	65922801664.000000
281474976710655.000000	3.388312	8110	65923846144.000000
281474976710655.000000	3.678980	8111	65924886528.000000
281474976710655.000000	3.568006	8112	65925931008.000000
281474976710655.000000	3.848128	8113	65926971392.000000
281474976710655.000000	3.587892	8114	65928015872.000000
281474976710655.000000	3.908929	8115	65929060352.000000
281474976710655.000000	3.378620	8116	65930108928.000000
281474976710655.000000	4.021026	8117	65931145216.000000
281474976710655.000000	3.581379	8118	65932197888.000000
281474976710655.000000	3.888797	8119	65933221888.000000
281474976710655.000000	3.413306	8120	65934286848.000000
281474976710655.000000	3.886854	8121	65935306752.000000
281474976710655.000000	3.502502	8122	65936379904.000000
281474976710655.000000	3.943442	8123	65937387520.000000
281474976710655.000000	3.403375	8124	65938472960.000000
281474976710655.000000	3.757739	8125	65939472384.000000
281474976710655.000000	3.573568	8126	65940561920.000000
281474976710655.000000	4.003815	8127	65941557248.000000
281474976710655.000000	3.670618	8128	65942646784.000000
281474976710655.000000	3.650735	8129	65943642112.000000
281474976710655.000000	3.623823	8130	65944731648.000000
281474976710655.000000	3.930511	8131	65945726976.000000
281474976710655.000000	3.604800	8132	65946816512.000000
281474976710655.000000	3.719517	8133	65947820032.000000
281474976710655.000000	3.732536	8134	65948901376.000000
281474976710655.000000	3.836905	8135	65949904896.000000
281474976710655.000000	3.716098	8136	65950990336.000000
281474976710655.000000	3.922046	8137	65951993856.000000
281474976710655.000000	3.704628	8138	65953075200.000000
281474976710655.000000	3.873230	8139	65954078720.000000
281474976710655.000000	3.696021	8140	65955164160.000000
281474976710655.000000	3.977428	8141	65956163584.000000
281474976710655.000000	3.686016	8142	65957249024.000000
281474976710655.000000	4.019894	8143	65958252544.000000
281474976710655.000000	3.671235	8144	65959333888.000000
281474976710655.000000	3.919234	8145	65960341504.000000
281474976710655.000000	3.671477	8146	65961414656.000000
281474976710655.000000	4.061623	8147	65962430464.000000
281474976710655.000000	3.767297	8148	65963495424.000000
281474976710655.000000	4.018695	8149	65964523520.000000
281474976710655.000000	3.751090	8150	65965580288.000000
281474976710655.000000	4.007461	8151	65966612480.000000
281474976710655.000000	3.809435	8152	65967661056.000000
281474976710655.000000	4.114251	8153	65968701440.000000
281474976710655.000000	3.780735	8154	65969745920.000000
281474976710655.000000	4.085372	8155	65970790400.000000
281474976710655.000000	3.826032	8156	65971830784.000000
281474976710655.000000	4.102430	8157	65972879360.000000
281474976710655.000000	3.856154	8158	65973915648.000000
281474976710655.000000	4.096647	8159	65974964224.000000
281474976710655.000000	3.806697	8160	65976004608.000000
281474976710655.000000	3.988244	8161	65977053184.000000
281474976710655.000000	3.807993	8162	65978089472.000000
281474976710655.000000	4.076970	8163	65979138048.000000
281474976710655.000000	3.899831	8164	65980178432.000000
281474976710655.000000	4.175711	8165	65981222912.000000
281474976710655.000000	3.883282	8166	65982267392.000000
281474976710655.000000	4.192982	8167	65983307776.000000
281474976710655.000000	3.816313	8168	65984356352.000000
281474976710655.000000	4.216847	8169	65985392640.000000
281474976710655.000000	3.822191	8170	65986445312.000000
281474976710655.000000	4.154177	8171	65987473408.000000
281474976710655.000000	3.780267	8172	65988538368.000000
281474976710655.000000	4.250450	8173	65989554176.000000
281474976710655.000000	3.806506	8174	65990627328.000000
281474976710655.000000	4.250210	8175	65991639040.000000
281474976710655.000000	3.744032	8176	65992716288.000000
281474976710655.000000	4.118934	8177	65993723904.000000
281474976710655.000000	3.860990	8178	65994805248.000000
281474976710655.000000	4.051940	8179	65995808768.000000
281474976710655.000000	3.943031	8180	65996890112.000000
281474976710655.000000	4.131576	8181	65997897728.000000
281474976710655.000000	3.932857	8182	65998974976.000000
281474976710655.000000	4.071648	8183	65999982592.000000
281474976710655.000000	3.969648	8184	66001063936.000000
281474976710655.000000	4.045301	8185	66002067456.000000
281474976710655.000000	3.988740	8186	66003148800.000000
281474976710655.000000	4.204024	8187	66004156416.000000
281474976710655.000000	3.907515	8188	66005233664.000000
281474976710655.000000	4.154800	8189	66006241280.000000
281474976710655.000000	3.998067	8190	66007322624.000000
281474976710655.000000	4.083829	8191	66008326144.000000
281474976710655.000000	3.915863	8192	66009407488.000000
281474976710655.000000	4.167757	8193	66010415104.000000
281474976710655.000000	3.908533	8194	66011492352.000000
281474976710655.000000	4.193855	8195	66012504064.000000
281474976710655.000000	3.827315	8196	66013577216.000000
281474976710655.000000	4.217076	8197	66014593024.000000
281474976710655.000000	3.936680	8198	66015657984.000000
281474976710655.000000	4.200590	8199	66016686080.000000
281474976710655.000000	4.023609	8200	66017738752.000000
281474976710655.000000	4.280991	8201	66018775040.000000
281474976710655.000000	4.006513	8202	66019823616.000000
281474976710655.000000	4.186493	8203	66020864000.000000
281474976710655.000000	4.005250	8204	66021908480.000000
281474976710655.000000	4.215189	8205	66022952960.000000
281474976710655.000000	3.947789	8206	66023993344.000000
281474976710655.000000	4.203568	8207	66025037824.000000
281474976710655.000000	4.051667	8208	66026078208.000000
281474976710655.000000	4.298557	8209	66027126784.000000
281474976710655.000000	4.011569	8210	66028167168.000000
281474976710655.000000	4.228549	8211	66029211648.000000
281474976710655.000000	4.020877	8212	66030252032.000000
281474976710655.000000	4.068397	8213	66031300608.000000
281474976710655.000000	4.063978	8214	66032340992.000000
281474976710655.000000	4.171335	8215	66033385472.000000
281474976710655.000000	3.932077	8216	66034429952.000000
281474976710655.000000	4.283485	8217	66035466240.000000
281474976710655.000000	3.957072	8218	66036518912.000000
281474976710655.000000	4.354095	8219	66037551104.000000
281474976710655.000000	3.965586	8220	66038607872.000000
281474976710655.000000	4.228714	8221	66039631872.000000
281474976710655.000000	3.938753	8222	66040700928.000000
281474976710655.000000	4.265314	8223	66041716736.000000
281474976710655.000000	3.993579	8224	66042789888.000000
281474976710655.000000	4.315020	8225	66043797504.000000
281474976710655.000000	3.975530	8226	66044878848.000000
281474976710655.000000	4.236040	8227	66045882368.000000
281474976710655.000000	4.069109	8228	66046963712.000000
281474976710655.000000	4.207192	8229	66047971328.000000
281474976710655.000000	4.087123	8230	66049052672.000000
281474976710655.000000	4.325882	8231	66050056192.000000
281474976710655.000000	4.096115	8232	66051137536.000000
281474976710655.000000	4.312274	8233	66052141056.000000
281474976710655.000000	4.100865	8234	66053222400.000000
281474976710655.000000	4.214171	8235	66054230016.000000
281474976710655.000000	4.084602	8236	66055311360.000000
281474976710655.000000	4.231414	8237	66056314880.000000
281474976710655.000000	4.028404	8238	66057396224.000000
281474976710655.000000	4.303315	8239	66058403840.000000
281474976710655.000000	4.107376	8240	66059481088.000000
281474976710655.000000	4.292120	8241	66060488704.000000
281474976710655.000000	4.133729	8242	66061565952.000000
281474976710655.000000	4.294657	8243	66062577664.000000
281474976710655.000000	4.049012	8244	66063650816.000000
281474976710655.000000	4.267691	8245	66064666624.000000
281474976710655.000000	4.078964	8246	66065735680.000000
281474976710655.000000	4.371258	8247	66066755584.000000
281474976710655.000000	4.093295	8248	66067816448.000000
281474976710655.000000	4.399078	8249	66068844544.000000
281474976710655.000000	4.254811	8250	66069901312.000000
281474976710655.000000	4.330376	8251	66070937600.000000
281474976710655.000000	4.188802	8252	66071982080.000000
281474976710655.000000	4.362337	8253	66073026560.000000
281474976710655.000000	4.097857	8254	66074066944.000000
281474976710655.000000	4.387879	8255	66075111424.000000
281474976710655.000000	4.251036	8256	66076155904.000000
281474976710655.000000	4.466192	8257	66077200384.000000
281474976710655.000000	4.090839	8258	66078240768.000000
281474976710655.000000	4.384352	8259	66079285248.000000
281474976710655.000000	4.217797	8260	66080325632.000000
281474976710655.000000	4.462810	8261	66081370112.000000
281474976710655.000000	4.198747	8262	66082414592.000000
281474976710655.000000	4.443064	8263	66083459072.000000
281474976710655.000000	4.166066	8264	66084503552.000000
281474976710655.000000	4.535485	8265	66085539840.000000
281474976710655.000000	4.182305	8266	66086592512.000000
281474976710655.000000	4.410522	8267	66087624704.000000
281474976710655.000000	4.154688	8268	66088681472.000000
281474976710655.000000	4.343656	8269	66089705472.000000
281474976710655.000000	4.236259	8270	66090770432.000000
281474976710655.000000	4.373103	8271	66091790336.000000
281474976710655.000000	4.208515	8272	66092863488.000000
281474976710655.000000	4.339745	8273	66093871104.000000
281474976710655.000000	4.234187	8274	66094948352.000000
281474976710655.000000	4.371554	8275	66095955968.000000
281474976710655.000000	4.213967	8276	66097037312.000000
281474976710655.000000	4.491718	8277	66098044928.000000
281474976710655.000000	4.221421	8278	66099122176.000000
281474976710655.000000	4.329179	8279	66100129792.000000
281474976710655.000000	4.296534	8280	66101211136.000000
281474976710655.000000	4.435445	8281	66102218752.000000
281474976710655.000000	4.223790	8282	66103296000.000000
281474976710655.000000	4.278304	8283	66104303616.000000
281474976710655.000000	4.284655	8284	66105384960.000000
281474976710655.000000	4.402730	8285	66106388480.000000
281474976710655.000000	4.330126	8286	66107469824.000000
281474976710655.000000	4.540770	8287	66108477440.000000
281474976710655.000000	4.291155	8288	66109554688.000000
281474976710655.000000	4.464243	8289	66110562304.000000
281474976710655.000000	4.175084	8290	66111639552.000000
281474976710655.000000	4.396020	8291	66112651264.000000
281474976710655.000000	4.271830	8292	66113724416.000000
281474976710655.000000	4.386271	8293	66114740224.000000
281474976710655.000000	4.326713	8294	66115805184.000000
281474976710655.000000	4.426010	8295	66116829184.000000
281474976710655.000000	4.261602	8296	66117890048.000000
281474976710655.000000	4.399171	8297	66118922240.000000
281474976710655.000000	4.284859	8298	66119974912.000000
281474976710655.000000	4.517946	8299	66121007104.000000
281474976710655.000000	4.301093	8300	66122055680.000000
281474976710655.000000	4.453919	8301	66123096064.000000
281474976710655.000000	4.463786	8302	66124140544.000000
281474976710655.000000	4.653635	8303	66125185024.000000
281474976710655.000000	4.383335	8304	66126229504.000000
281474976710655.000000	4.493438	8305	66127273984.000000
281474976710655.000000	4.464531	8306	66128314368.000000
281474976710655.000000	4.476452	8307	66129358848.000000
281474976710655.000000	4.291362	8308	66130399232.000000
281474976710655.000000	4.494460	8309	66131443712.000000
281474976710655.000000	4.277913	8310	66132488192.000000
281474976710655.000000	4.633501	8311	66133528576.000000
281474976710655.000000	4.420300	8312	66134577152.000000
281474976710655.000000	4.567871	8313	66135613440.000000
281474976710655.000000	4.358225	8314	66136666112.000000
281474976710655.000000	4.624292	8315	66137694208.000000
281474976710655.000000	4.337485	8316	66138755072.000000
281474976710655.000000	4.497231	8317	66139779072.000000
281474976710655.000000	4.305764	8318	66140844032.000000
281474976710655.000000	4.517726	8319	66141863936.000000
281474976710655.000000	4.279707	8320	66142932992.000000
281474976710655.000000	4.484504	8321	66143944704.000000
281474976710655.000000	4.364828	8322	66145021952.000000
281474976710655.000000	4.517180	8323	66146029568.000000
281474976710655.000000	4.293254	8324	66147110912.000000
281474976710655.000000	4.556008	8325	66148118528.000000
281474976710655.000000	4.371830	8326	66149195776.000000
281474976710655.000000	4.506817	8327	66150203392.000000
281474976710655.000000	4.487475	8328	66151280640.000000
281474976710655.000000	4.529500	8329	66152292352.000000
281474976710655.000000	4.458662	8330	66153369600.000000
281474976710655.000000	4.661770	8331	66154377216.000000
281474976710655.000000	4.405314	8332	66155454464.000000
281474976710655.000000	4.444794	8333	66156462080.000000
281474976710655.000000	4.413890	8334	66157539328.000000
281474976710655.000000	4.615057	8335	66158551040.000000
281474976710655.000000	4.440303	8336	66159624192.000000
281474976710655.000000	4.549646	8337	66160640000.000000
