time (s)	coil I (A)	last det (V)	int current (uC)
65842.495463	0.787951	-145.410156	329.980469
65842.497467	1.083054	-145.410156	329.980469
65842.499468	1.080135	-145.410156	329.980469
65842.501466	1.077448	11.851933	0.103598
65843.495512	0.942782	-218.457031	-83.984375
65843.497514	1.084467	-218.457031	-83.984375
65843.499515	1.080118	11.881301	0.091301
65844.582141	1.078564	-142.968750	332.617187
65844.586140	1.078240	-142.968750	332.617187
65844.588141	1.076237	11.838603	0.104006
65845.576172	0.920839	-220.507812	-82.714844
65845.578175	1.084525	-220.507812	-82.714844
65845.580175	1.080046	11.880504	0.111343
65846.674180	0.973158	-143.261719	330.371094
65846.676182	1.082506	-143.261719	330.371094
65846.678182	1.078655	11.865208	0.093346
65847.664805	0.841793	-222.558594	-80.566406
65847.666805	1.085047	-222.558594	-80.566406
65847.668805	1.080444	11.884882	0.091575
65848.759773	1.062459	-134.277344	343.261719
65848.761775	1.081893	-134.277344	343.261719
65848.763775	1.078675	11.865420	0.100841
65849.748259	0.478767	-226.074219	-75.488281
65849.750261	0.970246	-226.074219	-75.488281
65849.752260	1.083016	-226.074219	-75.488281
65849.754263	1.078974	11.868709	0.111368
65850.842319	0.592615	-133.300781	336.425781
65850.844320	1.031683	-133.300781	336.425781
65850.846320	1.081722	-133.300781	336.425781
65850.848320	1.078248	11.860732	0.086954
65851.842379	0.756355	-231.445312	-73.828125
65851.844381	1.079413	-231.445312	-73.828125
65851.846382	1.080961	-231.445312	-73.828125
65851.848383	1.078128	11.859403	0.098878
65852.923365	0.664791	-125.585937	337.207031
65852.925367	1.058831	-125.585937	337.207031
65852.927367	1.081266	-125.585937	337.207031
65852.929368	1.078117	11.859288	0.091993
65853.931417	0.777973	-234.375000	-69.921875
65853.933419	1.081017	-234.375000	-69.921875
65853.935419	1.079707	-234.375000	-69.921875
65853.937420	1.076892	11.845818	0.104373
65855.009420	0.952327	-121.289062	335.253906
65855.011421	1.084738	-121.289062	335.253906
65855.013421	1.080422	11.884643	0.087706
65856.023999	0.655132	-236.816406	-67.480469
65856.026001	1.055618	-236.816406	-67.480469
65856.028000	1.081189	-236.816406	-67.480469
65856.030001	1.078009	11.858101	0.103229
65857.082052	0.963144	-121.972656	329.589844
65857.084053	1.083976	-121.972656	329.589844
65857.086053	1.079810	11.877908	0.098295
65858.112720	0.594120	-239.062500	-69.531250
65858.114721	1.032147	-239.062500	-69.531250
65858.116720	1.081419	-239.062500	-69.531250
65858.118721	1.077982	11.857799	0.108836
65859.170779	0.916682	-115.820312	342.187500
65859.172780	1.085159	-115.820312	342.187500
65859.174781	1.080584	11.886425	0.091912
65860.208873	1.085238	-237.890625	-71.972656
65860.210873	1.085088	11.935973	0.091550
65861.254899	0.732642	-120.410156	343.359375
65861.256900	1.075704	-120.410156	343.359375
65861.258900	1.077373	-120.410156	343.359375
65861.260900	1.078374	11.862116	0.096160
65862.295543	0.798240	-234.863281	-70.996094
65862.297542	1.083484	-234.863281	-70.996094
65862.299542	1.080586	11.886441	0.100500
65863.339572	0.681572	-116.796875	357.128906
65863.345572	1.077278	-116.796875	357.128906
65863.347571	1.075089	-116.796875	357.128906
65863.349572	1.073494	11.808436	0.101757
65864.381544	1.024601	-234.375000	-75.292969
65864.383545	1.081718	-234.375000	-75.292969
65864.385547	1.078169	11.859855	0.097706
65865.430020	1.011019	-123.242187	351.074219
65865.432021	1.081654	-123.242187	351.074219
65865.434021	1.078059	11.858650	0.095011
65866.468651	0.615783	-232.519531	-73.925781
65866.472651	1.080857	-232.519531	-73.925781
65866.474653	1.080719	-232.519531	-73.925781
65866.476653	1.075371	11.829076	0.093054
65867.512690	0.498633	-120.410156	360.058594
65867.514690	0.982714	-120.410156	360.058594
65867.516691	1.083146	-120.410156	360.058594
65867.518691	1.079274	11.872015	0.106563
65868.554750	0.924039	-235.058594	-75.976562
65868.556750	1.084545	-235.058594	-75.976562
65868.558749	1.079983	11.879813	0.099782
65869.601316	1.084087	-125.585937	350.878906
65869.605317	1.077466	11.852127	0.193420
65870.644003	0.977071	-234.277344	-72.460937
65870.650004	1.077033	-234.277344	-72.460937
65870.652006	1.075175	11.826923	0.336979
65871.688004	0.881914	-125.488281	349.023437
65871.692004	1.080184	-125.488281	349.023437
65871.694007	1.077693	11.854618	0.098353
65872.728590	0.927425	-237.402344	-71.484375
65872.730597	1.085130	-237.402344	-71.484375
65872.732595	1.080657	11.887231	0.143192
65873.772639	0.825059	-125.195312	345.996094
65873.774642	1.083487	-125.195312	345.996094
65873.776640	1.079365	11.873015	0.102831
65874.813580	0.950149	-239.648437	-69.238281
65874.815584	1.083844	-239.648437	-69.238281
65874.817583	1.079566	11.875222	0.232400
65875.863599	1.084289	-113.085937	360.839844
65875.865602	1.080119	11.881310	0.092110
65876.901663	0.744566	-240.429687	-65.136719
65876.903664	1.077089	-240.429687	-65.136719
65876.905666	1.080302	-240.429687	-65.136719
65876.907665	1.077445	11.851896	0.099042
65877.949739	0.616922	-116.406250	353.222656
65877.953739	1.081295	-116.406250	353.222656
65877.955741	1.077891	-116.406250	353.222656
65877.957740	1.075611	11.831717	0.096804
65878.975821	1.050095	-243.359375	-65.527344
65878.977823	1.082132	-243.359375	-65.527344
65878.979822	1.078858	11.867441	0.116082
65880.039940	0.923442	-115.917969	355.273437
65880.041946	1.083803	-115.917969	355.273437
65880.043949	1.079320	11.872519	0.094876
65881.060416	1.019217	-240.429687	-65.039062
65881.062417	1.081262	-240.429687	-65.039062
65881.064419	1.077619	11.853811	0.106281
65882.136907	0.883116	-126.269531	346.386719
65882.138908	1.085417	-126.269531	346.386719
65882.140909	1.080599	11.886593	0.091512
65883.143508	0.627968	-239.941406	-67.578125
65883.145509	1.045895	-239.941406	-67.578125
65883.147509	1.080944	-239.941406	-67.578125
65883.149510	1.080755	11.888304	0.103169
65884.226135	0.942077	-131.347656	350.585937
65884.228138	1.083875	-131.347656	350.585937
65884.230138	1.079572	11.875293	0.185246
65885.226160	1.032996	-233.789062	-67.773437
65885.228162	1.081417	-233.789062	-67.773437
65885.230163	1.077976	11.857738	0.651001
65886.314093	0.701549	-136.816406	351.562500
65886.316096	1.068291	-136.816406	351.562500
65886.318095	1.080323	-136.816406	351.562500
65886.320095	1.077290	11.850186	0.101023
65887.310184	0.889780	-232.812500	-71.386719
65887.312186	1.085236	-232.812500	-71.386719
65887.314186	1.080429	11.884723	0.103402
65888.402277	0.493451	-140.722656	350.683594
65888.404279	0.979057	-140.722656	350.683594
65888.406280	1.082235	-140.722656	350.683594
65888.408279	1.078342	11.861760	0.096210
65889.394349	0.717070	-230.761719	-73.437500
65889.396350	1.071924	-230.761719	-73.437500
65889.398350	1.080424	-230.761719	-73.437500
65889.400350	1.077414	11.851552	0.099404
65890.488410	0.826627	-142.285156	351.171875
65890.490411	1.083843	-142.285156	351.171875
65890.492410	1.079722	11.876942	0.105059
65891.482412	0.482258	-230.957031	-76.562500
65891.484415	0.972029	-230.957031	-76.562500
65891.486415	1.082604	-230.957031	-76.562500
65891.488414	1.078681	11.865491	0.100811
65892.577332	1.079784	-147.167969	343.652344
65892.579336	1.077215	11.849361	0.103380
65893.567887	0.644076	-231.640625	-78.027344
65893.569889	1.051598	-231.640625	-78.027344
65893.571889	1.080836	-231.640625	-78.027344
65893.573888	1.077572	11.853297	0.100468
65894.663952	1.078696	-136.914062	364.160156
65894.667954	1.077181	-136.914062	364.160156
65894.669954	1.075094	11.826036	0.098983
65895.658001	0.926125	-229.101562	-74.804687
65895.660001	1.083426	-229.101562	-74.804687
65895.662001	1.078984	11.868824	0.128132
65896.746028	0.545095	-143.261719	352.929687
65896.748030	1.008451	-143.261719	352.929687
65896.750032	1.081574	-143.261719	352.929687
65896.752030	1.077915	11.857063	0.106843
65897.742046	0.728404	-231.250000	-75.195312
65897.746047	1.080022	-231.250000	-75.195312
65897.748048	1.077105	-231.250000	-75.195312
65897.750049	1.074959	11.824548	0.101496
65898.836097	0.834267	-138.964844	361.425781
65898.838104	1.084631	-138.964844	361.425781
65898.840104	1.080337	11.883703	0.097973
65899.830140	1.082016	-233.593750	-74.609375
65899.832141	1.078231	11.860538	0.446591
65900.920715	0.772280	-146.289062	346.777344
65900.922717	1.081515	-146.289062	346.777344
65900.924719	1.080942	-146.289062	346.777344
65900.928715	1.076192	11.838116	0.104483
65901.919755	0.673394	-232.519531	-69.140625
65901.921756	1.061006	-232.519531	-69.140625
65901.925754	1.077598	-232.519531	-69.140625
65901.927756	1.075372	11.829094	0.099247
65903.009802	0.806715	-135.839844	365.136719
65903.011804	1.083545	-135.839844	365.136719
65903.013804	1.080176	11.881940	0.097849
65904.001878	0.985263	-239.062500	-68.945312
65904.003881	1.082586	-239.062500	-68.945312
65904.005881	1.078648	11.865128	0.393328
65905.096521	1.079725	-139.355469	352.343750
65905.098523	1.079376	-139.355469	352.343750
65905.100524	1.076461	11.841066	0.095118
65906.091427	1.056558	-244.824219	-67.382812
65906.093429	1.080485	-244.824219	-67.382812
65906.095430	1.077364	11.851001	0.107776
65907.181405	1.080392	-131.347656	358.789062
65907.183408	1.079501	-131.347656	358.789062
65907.185408	1.076700	11.843699	0.092208
65908.178018	0.564604	-245.312500	-62.890625
65908.180020	1.018188	-245.312500	-62.890625
65908.182021	1.081322	-245.312500	-62.890625
65908.184020	1.077759	11.855344	0.112355
65909.262025	1.075470	-126.757812	356.347656
65909.264026	1.080018	-126.757812	356.347656
65909.266028	1.077139	11.848529	0.091579
65910.271999	0.804261	-251.074219	-62.695312
65910.273999	1.082483	-251.074219	-62.695312
65910.275998	1.079162	11.870782	0.109116
65911.340628	0.694681	-119.042969	366.992187
65911.342629	1.066409	-119.042969	366.992187
65911.344629	1.080101	-119.042969	366.992187
65911.346630	1.077006	11.847067	0.095518
65912.364652	0.697579	-249.902344	-61.328125
65912.366654	1.067428	-249.902344	-61.328125
65912.368654	1.080492	-249.902344	-61.328125
65912.370654	1.077543	11.852979	0.105794
65913.420658	0.497863	-120.019531	366.113281
65913.422659	0.981747	-120.019531	366.113281
65913.424660	1.082184	-120.019531	366.113281
65913.426659	1.078269	11.860963	0.098541
65914.452738	0.467520	-252.246094	-64.062500
65914.454739	0.963107	-252.246094	-64.062500
65914.456739	1.084316	-252.246094	-64.062500
65914.458737	1.080122	11.881336	0.105830
65915.507382	0.958372	-122.070312	367.968750
65915.509383	1.082614	-122.070312	367.968750
65915.511385	1.078507	11.863578	0.103715
65916.543986	1.008028	-248.144531	-63.281250
65916.545987	1.081831	-248.144531	-63.281250
65916.547985	1.078170	11.859873	0.106438
65917.590454	0.514379	-119.335937	378.906250
65917.592456	0.991384	-119.335937	378.906250
65917.594459	1.081652	-119.335937	378.906250
65917.596457	1.077841	11.856248	0.102155
65918.632526	0.938570	-246.484375	-64.160156
65918.634528	1.083646	-246.484375	-64.160156
65918.636528	1.079272	11.871987	0.098553
65919.675022	0.436379	-119.726562	382.617187
65919.677026	0.941569	-119.726562	382.617187
65919.679026	1.084243	-119.726562	382.617187
65919.681024	1.079848	11.878325	0.104487
65920.719153	1.084078	-248.828125	-67.578125
65920.721157	1.079376	11.873139	0.101707
65921.761772	0.918642	-123.437500	377.636719
65921.763773	1.083615	-123.437500	377.636719
65921.765775	1.079044	11.869480	0.106095
65922.805792	0.813016	-245.410156	-64.648437
65922.807792	1.083278	-245.410156	-64.648437
65922.809793	1.079577	11.875347	0.098445
65923.850258	0.806972	-117.578125	388.476562
65923.852257	1.083534	-117.578125	388.476562
65923.854259	1.080120	11.881320	0.102365
65924.892300	1.072419	-247.363281	-64.160156
65924.894299	1.079869	-247.363281	-64.160156
65924.896301	1.076912	11.846030	0.102104
65925.934798	0.727208	-117.773437	388.183594
65925.936800	1.076320	-117.773437	388.183594
65925.938800	1.083323	-117.773437	388.183594
65925.940801	1.080207	11.882277	0.103280
65926.976782	1.043655	-253.710937	-65.332031
65926.978785	1.080711	-253.710937	-65.332031
65926.980783	1.077303	11.850328	0.107056
65928.019392	0.656329	-122.656250	377.148437
65928.021392	1.055272	-122.656250	377.148437
65928.023393	1.080153	-122.656250	377.148437
65928.025394	1.076950	11.846455	0.105485
65929.065466	1.011081	-252.539062	-60.644531
65929.067467	1.081134	-252.539062	-60.644531
65929.069468	1.077591	11.853500	0.104788
65930.113513	0.920632	-116.015625	380.175781
65930.115515	1.084201	-116.015625	380.175781
65930.117516	1.079695	11.876641	0.097180
65931.151587	1.083323	-255.859375	-60.742187
65931.153590	1.078682	11.865500	0.108101
65932.204182	1.083493	-112.402344	387.500000
65932.208188	1.076150	11.837646	0.096375
65933.228728	1.081925	-258.105469	-61.328125
65933.230728	1.077903	11.856931	0.110990
65934.290732	0.748778	-123.632812	369.824219
65934.292734	1.077336	-123.632812	369.824219
65934.294736	1.079865	-123.632812	369.824219
65934.296735	1.077007	11.847076	0.098689
65935.310760	0.780030	-255.175781	-60.839844
65935.312759	1.083796	-255.175781	-60.839844
65935.314760	1.082612	-255.175781	-60.839844
65935.316760	1.079710	11.876809	0.108423
65936.385757	1.075693	-122.558594	381.640625
65936.387760	1.079520	-122.558594	381.640625
65936.389759	1.076610	11.842715	0.095733
65937.394233	1.083099	-250.000000	-60.058594
65937.396234	1.078920	-250.000000	-60.058594
65937.398233	1.076490	11.841394	0.207074
65938.476268	0.596119	-129.101562	379.199219
65938.480266	1.081224	-129.101562	379.199219
65938.482267	1.077734	-129.101562	379.199219
65938.484269	1.075425	11.829670	0.098963
65939.478256	1.077183	-249.316406	-63.769531
65939.480258	1.080253	-249.316406	-63.769531
65939.482257	1.077401	11.851409	0.103157
65940.566775	0.969744	-138.964844	368.359375
65940.568779	1.082866	-138.964844	368.359375
65940.572777	1.076673	11.843398	0.318389
65941.563342	1.083036	-248.144531	-66.406250
65941.565345	1.079933	-248.144531	-66.406250
65941.567345	1.077218	11.849398	0.104918
65942.651930	1.013338	-141.601562	371.386719
65942.655931	1.077655	-141.601562	371.386719
65942.657932	1.075276	11.828031	0.104038
65943.645971	0.743658	-245.312500	-67.089844
65943.647973	1.076710	-245.312500	-67.089844
65943.649972	1.080055	-245.312500	-67.089844
65943.651979	1.077179	11.848972	0.100088
65944.736024	0.871787	-142.675781	371.875000
65944.738027	1.085300	-142.675781	371.875000
65944.740026	1.080567	11.886238	0.102374
65945.732043	1.003283	-244.726562	-69.042969
65945.734044	1.081442	-244.726562	-69.042969
65945.736044	1.077821	11.856028	0.103146
65946.820607	0.804323	-142.968750	371.093750
65946.822609	1.082829	-142.968750	371.093750
65946.824608	1.079509	11.874601	0.108659
65947.826619	1.084284	-241.503906	-66.699219
65947.828621	1.079739	11.877128	0.111138
65948.906629	1.028822	-146.484375	365.234375
65948.908632	1.081374	-146.484375	365.234375
65948.910630	1.077843	11.856276	0.109136
65949.909200	0.857333	-244.433594	-68.554687
65949.911200	1.084570	-244.433594	-68.554687
65949.913198	1.079774	11.877509	0.103340
65950.995265	0.982125	-136.035156	385.449219
65950.997265	1.082056	-136.035156	385.449219
65950.999266	1.078280	11.861078	0.103938
65951.997750	0.754309	-243.066406	-66.015625
65951.999752	1.078309	-243.066406	-66.015625
65952.001751	1.079962	-243.066406	-66.015625
65952.003752	1.077187	11.849052	0.101835
65953.079778	0.919954	-137.695312	384.082031
65953.081781	1.082860	-137.695312	384.082031
65953.083780	1.078437	11.862806	0.105918
65954.082279	0.662861	-245.019531	-64.453125
65954.084281	1.057957	-245.019531	-64.453125
65954.086280	1.080814	-245.019531	-64.453125
65954.088282	1.077617	11.853785	0.104317
65955.168343	0.827460	-137.304687	382.812500
65955.170344	1.083228	-137.304687	382.812500
65955.172344	1.079042	11.869461	0.102474
65956.170357	1.082666	-248.046875	-62.597656
65956.172360	1.078505	-248.046875	-62.597656
65956.174359	1.076171	11.837885	0.106796
65957.256432	1.081096	-132.617187	389.550781
65957.258434	1.077844	11.856283	0.099595
65958.256971	0.882293	-251.367187	-60.156250
65958.258971	1.083823	-251.367187	-60.156250
65958.260973	1.079091	11.870003	0.105222
65959.337447	0.660420	-135.546875	377.441406
65959.339447	1.056822	-135.546875	377.441406
65959.341448	1.080384	-135.546875	377.441406
65959.343447	1.077266	11.849920	0.103162
65960.347976	1.084212	-259.375000	-59.277344
65960.349978	1.079490	-259.375000	-59.277344
65960.351978	1.076968	11.846650	0.109601
65961.420593	1.079090	-121.875000	396.386719
65961.422595	1.079912	-121.875000	396.386719
65961.424595	1.077062	11.847678	0.098139
65962.435060	0.917738	-262.792969	-57.910156
65962.437061	1.083642	-262.792969	-57.910156
65962.439062	1.079172	11.870897	0.113746
65963.501691	1.083073	-123.339844	386.035156
65963.503694	1.078619	11.864809	0.100194
65964.529748	1.083640	-262.792969	-55.761719
65964.531750	1.079221	11.871429	0.110347
65965.585795	1.054402	-121.289062	387.207031
65965.587797	1.081103	-121.289062	387.207031
65965.589797	1.077933	11.857267	0.096430
65966.616327	0.739590	-266.308594	-56.640625
65966.618330	0.752775	-266.308594	-56.640625
65966.620329	1.080146	-266.308594	-56.640625
65966.622331	1.077224	11.849461	0.109597
65967.665309	2.110162	-120.117187	392.187500
65967.667311	1.083787	-120.117187	392.187500
65967.669312	1.079158	11.870737	0.102009
65968.705308	0.745217	-265.625000	-58.203125
65968.707309	0.757688	-265.625000	-58.203125
65968.709310	1.080196	-265.625000	-58.203125
65968.713310	1.075172	11.826897	0.108937
65969.749866	0.766551	-118.750000	398.632812
65969.751867	1.079680	-118.750000	398.632812
65969.753864	1.079699	-118.750000	398.632812
65969.755865	1.076875	11.845622	0.103199
65970.793917	1.251994	-260.351562	-57.324219
65970.795918	1.054269	-260.351562	-57.324219
65970.797917	1.080649	-260.351562	-57.324219
65970.799917	1.077506	11.852571	0.108100
65971.836003	1.024995	-116.308594	407.421875
65971.838005	1.082008	-116.308594	407.421875
65971.840005	1.078388	11.862265	0.594391
65972.884021	0.934542	-261.328125	-58.203125
65972.886020	1.082829	-261.328125	-58.203125
65972.888021	1.078517	11.863684	0.173500
65973.922109	1.083591	-125.878906	391.113281
65973.924112	1.078956	11.868513	0.105629
65974.968664	0.886278	-262.988281	-59.667969
65974.970664	1.084756	-262.988281	-59.667969
65974.972665	1.079932	11.879254	0.109055
65976.009322	0.942150	-118.945312	405.371094
65976.011324	1.083696	-118.945312	405.371094
65976.013324	1.079407	11.873477	0.204130
65977.057369	0.824651	-260.839844	-57.617187
65977.059371	1.083672	-260.839844	-57.617187
65977.061374	1.079558	11.875134	0.102778
65978.095398	1.078261	-124.902344	392.968750
65978.097399	1.079708	-124.902344	392.968750
65978.099400	1.076983	11.846810	0.105422
65979.141976	0.760219	-264.355469	-57.714844
65979.143978	1.079906	-264.355469	-57.714844
65979.149975	1.075966	-264.355469	-57.714844
65979.151978	1.074322	11.817538	0.107694
65980.184010	1.059004	-121.484375	397.851562
65980.186012	1.080497	-121.484375	397.851562
65980.188013	1.077327	11.850595	0.103767
65981.226560	0.688701	-265.332031	-55.859375
65981.228563	1.065181	-265.332031	-55.859375
65981.230562	1.080405	-265.332031	-55.859375
65981.232564	1.077411	11.851524	0.108644
65982.272631	1.026580	-122.949219	391.406250
65982.276632	1.077661	-122.949219	391.406250
65982.278635	1.075269	11.827960	0.099486
65983.312687	0.978620	-264.843750	-53.417969
65983.314689	1.082194	-264.843750	-53.417969
65983.316688	1.078274	11.861015	0.108763
65984.361147	0.958696	-113.964844	408.886719
65984.363149	1.082293	-113.964844	408.886719
65984.365148	1.078166	11.859829	0.101692
65985.397695	1.002222	-268.750000	-54.492187
65985.399695	1.081659	-268.750000	-54.492187
65985.403694	1.075566	11.831230	0.108337
65986.448286	0.512283	-125.000000	388.769531
65986.450289	0.990238	-125.000000	388.769531
65986.452289	1.081920	-125.000000	388.769531
65986.454293	1.078153	11.859678	0.103426
65987.477273	0.744604	-266.992187	-54.296875
65987.479275	1.076627	-266.992187	-54.296875
65987.481276	1.078081	-266.992187	-54.296875
65987.483278	1.076822	11.845037	0.108659
65988.543306	0.982616	-119.140625	406.835937
65988.545307	1.081639	-119.140625	406.835937
65988.547309	1.077841	11.856248	0.098477
65989.557817	0.686052	-265.820312	-55.371094
65989.559818	1.064111	-265.820312	-55.371094
65989.561818	1.080000	-265.820312	-55.371094
65989.563819	1.076945	11.846394	0.112812
65990.632475	1.015007	-136.132812	382.128906
65990.634476	1.080854	-136.132812	382.128906
65990.636477	1.077300	11.850302	0.542103
65991.644552	1.054182	-262.207031	-57.031250
65991.646553	1.080136	-262.207031	-57.031250
65991.648554	1.076951	11.846464	0.103655
65992.721513	1.024064	-131.250000	398.535156
65992.723514	1.080474	-131.250000	398.535156
65992.725515	1.077009	11.847102	0.600109
65993.727473	0.669596	-255.371094	-56.933594
65993.729473	1.059754	-255.371094	-56.933594
65993.731476	1.080385	-255.371094	-56.933594
65993.733475	1.077312	11.850434	0.103382
65994.809553	0.854715	-133.789062	397.558594
65994.811556	1.084592	-133.789062	397.558594
65994.813554	1.079881	11.878688	0.101537
65995.811996	0.580296	-253.515625	-58.886719
65995.815997	1.081347	-253.515625	-58.886719
65995.817997	1.077854	-253.515625	-58.886719
65995.819999	1.075498	11.830477	0.105627
65996.894003	0.753882	-145.703125	375.000000
65996.896006	1.077599	-145.703125	375.000000
65996.898004	1.079255	-145.703125	375.000000
65996.900003	1.076263	11.838897	0.106367
65997.902080	0.866405	-252.929687	-59.863281
65997.904084	1.084374	-252.929687	-59.863281
65997.906082	1.079795	11.877748	0.100340
65998.978139	0.564231	-142.871094	381.347656
65998.980141	1.018040	-142.871094	381.347656
65998.982140	1.081345	-142.871094	381.347656
65998.986142	1.075567	11.831239	0.110135
65999.986710	0.811617	-254.296875	-61.328125
65999.988711	0.824666	-254.296875	-61.328125
65999.990712	1.079106	11.870171	0.102608
66001.068697	0.955180	-135.156250	398.242187
66001.070699	1.083362	-135.156250	398.242187
66001.072700	1.079193	11.871119	0.256577
66002.070729	2.264178	-256.445312	-61.816406
66002.072730	0.606397	-256.445312	-61.816406
66002.076729	1.076834	-256.445312	-61.816406
66002.078730	1.074436	11.818795	0.105072
66003.153353	0.907243	-135.937500	396.289062
66003.155353	1.083704	-135.937500	396.289062
66003.159351	1.076751	11.844257	0.106404
66004.161441	0.996787	-252.832031	-59.277344
66004.163443	1.081831	-252.832031	-59.277344
66004.167443	1.075773	11.833507	0.102293
66005.237477	0.728013	-140.917969	386.425781
66005.239479	1.073790	-140.917969	386.425781
66005.241479	1.079950	-140.917969	386.425781
66005.243477	1.077088	11.847971	0.107826
66006.245551	0.844265	-255.175781	-58.105469
66006.247552	1.084218	-255.175781	-58.105469
66006.249552	1.079652	11.876170	0.102749
66007.326025	0.623025	-134.667969	398.339844
66007.328027	1.043702	-134.667969	398.339844
66007.330026	1.080667	-134.667969	398.339844
66007.332026	1.077318	11.850496	0.105210
66008.330047	0.748862	-256.933594	-56.250000
66008.332050	1.077373	-256.933594	-56.250000
66008.334049	1.079835	-256.933594	-56.250000
66008.336048	1.077022	11.847244	0.108408
66009.412130	0.929738	-141.406250	379.199219
66009.414131	1.083870	-141.406250	379.199219
66009.416131	1.079491	11.874398	0.157185
66010.422140	1.081645	-262.402344	-54.882812
66010.424142	1.077924	11.857162	0.457489
66011.496727	0.869420	-129.394531	399.707031
66011.498729	1.084391	-129.394531	399.707031
66011.500727	1.079625	11.875877	0.101953
66012.508711	0.930596	-266.796875	-53.515625
66012.512711	1.079073	-266.796875	-53.515625
66012.514712	1.076695	11.843646	0.167416
66013.580765	0.661389	-123.339844	406.054687
66013.582768	1.057322	-123.339844	406.054687
66013.584767	1.080657	-123.339844	406.054687
66013.586766	1.077519	11.852713	0.099577
66014.598842	1.074222	-272.265625	-52.539062
66014.600843	1.079865	-272.265625	-52.539062
66014.602844	1.076980	11.846775	0.107199
66015.661411	0.630630	-123.535156	400.097656
66015.663414	1.046666	-123.535156	400.097656
66015.665414	1.080885	-123.535156	400.097656
66015.667414	1.077557	11.853129	0.101777
66016.689444	0.614863	-271.289062	-50.976562
66016.691445	1.040552	-271.289062	-50.976562
66016.693445	1.080805	-271.289062	-50.976562
66016.695445	1.077473	11.852207	0.108950
66017.743476	0.947145	-121.386719	401.464844
66017.745480	1.082517	-121.386719	401.464844
66017.747478	1.078327	11.861602	0.106147
66018.779502	0.892705	-274.902344	-51.953125
66018.781503	1.084202	-274.902344	-51.953125
66018.783504	1.079555	11.875107	0.106604
66019.830055	1.084206	-120.703125	403.613281
66019.832058	1.079508	11.874585	0.102013
66020.868600	0.922662	-271.972656	-51.757812
66020.870603	1.084698	-271.972656	-51.757812
66020.872604	1.080157	11.881727	0.130643
66021.914694	1.083686	-114.550781	419.140625
66021.916695	1.079346	11.872803	0.100817
66022.956642	0.694183	-270.019531	-51.953125
66022.958643	1.066416	-270.019531	-51.953125
66022.960644	1.080228	-270.019531	-51.953125
66022.962644	1.077133	11.848468	0.108386
66023.996714	0.616287	-122.656250	404.394531
66023.998716	1.040875	-122.656250	404.394531
66024.000717	1.080414	-122.656250	404.394531
66024.002716	1.077051	11.847563	0.104973
66025.040748	0.496084	-269.824219	-52.636719
66025.042749	0.980505	-269.824219	-52.636719
66025.044748	1.081905	-269.824219	-52.636719
66025.046750	1.077949	11.857435	0.112166
66026.083274	1.003856	-126.562500	398.144531
66026.087275	1.077686	-126.562500	398.144531
66026.089276	1.075293	11.828225	0.106676
66027.131351	0.916017	-272.070312	-53.613281
66027.133353	1.085901	-272.070312	-53.613281
66027.135353	1.081336	11.894692	0.102940
66028.171361	0.828114	-124.804687	402.636719
66028.173362	1.083268	-124.804687	402.636719
66028.175361	1.083337	11.916706	0.106559
66029.215900	0.843111	-273.144531	-53.710937
66029.217901	1.083398	-273.144531	-53.710937
66029.219903	1.078890	11.867787	0.106470
66030.257893	1.077265	-117.089844	418.261719
66030.259895	1.080449	-117.089844	418.261719
66030.261896	1.077623	11.853856	0.104646
66031.304442	0.736565	-272.851562	-52.050781
66031.306442	1.075209	-272.851562	-52.050781
66031.308443	1.079764	-272.851562	-52.050781
66031.312440	1.074693	11.821623	0.104377
66032.344482	0.647851	-124.121094	400.097656
66032.346485	1.052428	-124.121094	400.097656
66032.348485	1.080145	-124.121094	400.097656
66032.350488	1.076859	11.845445	0.105915
66033.389425	0.768145	-275.195312	-51.367187
66033.391423	1.079799	-275.195312	-51.367187
66033.393425	1.079558	-275.195312	-51.367187
66033.395425	1.076768	11.844452	0.104430
66034.435430	1.051188	-115.234375	417.285156
66034.437432	1.079939	-115.234375	417.285156
66034.439431	1.076743	11.844170	0.101180
66035.469943	0.703569	-276.757812	-50.781250
66035.473944	1.080121	-276.757812	-50.781250
66035.475947	1.077139	-276.757812	-50.781250
66035.477945	1.075045	11.825497	0.108883
66036.521989	0.537895	-117.773437	412.500000
66036.523990	1.004259	-117.773437	412.500000
66036.525989	1.081005	-117.773437	412.500000
66036.527990	1.077339	11.850727	0.100739
66037.555963	0.969584	-274.609375	-49.804687
66037.557962	1.082282	-274.609375	-49.804687
66037.559962	1.078240	11.860635	0.323411
66038.612018	0.817365	-126.074219	398.242187
66038.614020	1.083351	-126.074219	398.242187
66038.616020	1.079421	11.873635	0.104722
66039.640594	1.078327	-275.878906	-50.292969
66039.642595	1.075829	11.834120	0.231645
66040.705217	0.853544	-127.441406	401.660156
66040.707219	1.083522	-127.441406	401.660156
66040.709221	1.078908	11.867990	0.100984
66041.723176	1.082525	-273.730469	-51.074219
66041.725178	1.077915	11.857063	0.103537
66042.793749	0.743531	-135.937500	389.746094
66042.795749	1.076300	-135.937500	389.746094
66042.797750	1.079652	-135.937500	389.746094
66042.799750	1.076688	11.843566	0.100165
66043.801812	0.857302	-270.507812	-52.343750
66043.803812	1.083842	-270.507812	-52.343750
66043.805813	1.079185	11.871039	0.106723
66044.883939	1.006902	-130.371094	405.761719
66044.885939	1.081432	-130.371094	405.761719
66044.887939	1.077740	11.855141	0.099973
66045.886452	0.798274	-265.039062	-53.027344
66045.890455	1.079758	-265.039062	-53.027344
66045.892458	1.077058	-265.039062	-53.027344
66045.894458	1.075004	11.825044	0.105404
66046.968428	0.946806	-142.968750	382.128906
66046.970430	1.083373	-142.968750	382.128906
66046.972430	1.079114	11.870251	0.225875
66047.976491	1.016871	-266.601562	-55.761719
66047.978492	1.022111	-266.601562	-55.761719
66047.980493	1.077776	11.855539	0.548030
66049.055445	0.459613	-135.156250	398.632812
66049.057448	0.957266	-135.156250	398.632812
66049.059447	1.083075	-135.156250	398.632812
66049.061448	1.079025	11.869275	0.107166
66050.059432	0.583407	-261.132812	-55.078125
66050.061433	1.026803	-261.132812	-55.078125
66050.063432	1.080570	-261.132812	-55.078125
66050.065432	1.077125	11.848378	0.101238
66051.143473	1.079195	-132.421875	405.078125
66051.145476	1.079607	-132.421875	405.078125
66051.147475	1.076763	11.844391	0.105574
66052.143931	0.486988	-263.085937	-55.664062
66052.145932	0.974599	-263.085937	-55.664062
66052.147930	1.081592	-263.085937	-55.664062
66052.149930	1.077726	11.854980	0.106533
66053.225916	0.655985	-143.945312	381.250000
66053.227917	1.055513	-143.945312	381.250000
66053.229917	1.080586	-143.945312	381.250000
66053.231918	1.077477	11.852251	0.107920
66054.235944	1.078573	-266.601562	-56.347656
66054.237943	1.079612	-266.601562	-56.347656
66054.239945	1.076793	11.844728	0.100791
66055.314529	0.562332	-136.425781	397.851562
66055.316530	1.016892	-136.425781	397.851562
66055.318530	1.081067	-136.425781	397.851562
66055.320529	1.077552	11.853075	0.105673
66056.320559	1.066239	-262.011719	-54.003906
66056.322559	1.079513	-262.011719	-54.003906
66056.324562	1.076351	11.839862	0.102659
66057.399022	0.466077	-141.894531	384.179687
66057.401023	0.961663	-141.894531	384.179687
66057.403023	1.082934	-141.894531	384.179687
66057.405023	1.078863	11.867495	0.107427
66058.407036	1.899919	-267.187500	-53.613281
66058.409036	1.018600	-267.187500	-53.613281
66058.411037	1.080858	-267.187500	-53.613281
66058.413037	1.077357	11.850930	0.101702
66059.487124	1.084114	-139.648437	387.402344
66059.489128	1.082379	-139.648437	387.402344
66059.493125	1.077759	11.855344	0.110153
66060.491678	0.510301	-271.191406	-51.757812
66060.493680	0.988748	-271.191406	-51.757812
66060.495681	1.081219	-271.191406	-51.757812
66060.497680	1.077435	11.851790	0.108175
66061.569755	0.726002	-135.351562	393.945312
66061.571755	1.073579	-135.351562	393.945312
66061.573755	1.080172	-135.351562	393.945312
66061.575756	1.077221	11.849433	0.105877
66062.581832	0.819816	-274.121094	-50.000000
66062.583832	1.082539	-274.121094	-50.000000
66062.585832	1.078598	11.864578	0.105364
66063.653938	0.549551	-129.003906	402.539062
66063.655940	1.010441	-129.003906	402.539062
66063.657942	1.081067	-129.003906	402.539062
66063.659941	1.077480	11.852278	0.106316
66064.669996	0.614564	-278.906250	-48.535156
66064.671997	1.040148	-278.906250	-48.535156
66064.673998	1.080474	-278.906250	-48.535156
66064.675997	1.077144	11.848581	0.107438
66065.740485	0.958388	-124.609375	406.640625
66065.742488	1.082195	-124.609375	406.640625
66065.744488	1.078111	11.859218	0.101437
66066.760547	0.987644	-282.910156	-48.046875
66066.762549	1.082066	-282.910156	-48.046875
66066.764551	1.078219	11.860414	0.410087
66067.822524	1.081988	-119.628906	412.597656
66067.824527	1.079036	-119.628906	412.597656
66067.826526	1.076221	11.838426	0.100603
66068.850618	1.081924	-280.273437	-46.191406
66068.852620	1.079148	-280.273437	-46.191406
66068.854620	1.076347	11.839817	0.111115
66069.906730	1.045380	-119.531250	412.402344
66069.908733	1.080810	-119.531250	412.402344
66069.910732	1.077507	11.852578	0.098554
66070.941299	0.696631	-283.593750	-46.972656
66070.943299	1.067110	-283.593750	-46.972656
66070.945303	1.080428	-283.593750	-46.972656
66070.947299	1.077382	11.851206	0.106969
66071.988269	1.083326	-116.308594	418.750000
66071.990273	1.079118	-116.308594	418.750000
66071.992271	1.076454	11.840996	0.109982
66073.030327	0.718710	-277.246094	-45.996094
66073.032330	1.071609	-277.246094	-45.996094
66073.034331	1.079611	-277.246094	-45.996094
66073.036328	1.076607	11.842671	0.104215
66074.070426	0.644726	-124.316406	403.027344
66074.072429	1.051133	-124.316406	403.027344
66074.074429	1.079877	-124.316406	403.027344
66074.078428	1.074301	11.817307	0.107945
66075.115386	0.767914	-282.617187	-47.851562
66075.117387	1.080035	-282.617187	-47.851562
66075.119388	1.079927	-282.617187	-47.851562
66075.121388	1.077138	11.848520	0.107475
66076.164000	1.078820	-116.699219	420.019531
66076.166002	1.076016	-116.699219	420.019531
66076.168003	1.073931	11.813239	0.102201
66077.204079	1.471226	-278.906250	-47.167969
66077.206080	0.716526	-278.906250	-47.167969
66077.208081	1.079303	-278.906250	-47.167969
66077.210081	1.076229	11.838524	0.106018
66078.246155	1.042783	-123.339844	406.738281
66078.248156	1.080488	-123.339844	406.738281
66078.252154	1.074828	11.823112	0.104754
66079.288726	0.645171	-281.933594	-47.558594
66079.290727	1.051554	-281.933594	-47.558594
66079.292727	1.080105	-281.933594	-47.558594
66079.294728	1.076874	11.845613	0.107403
66080.332778	1.081681	-115.722656	422.460937
66080.334775	1.078096	11.859057	0.534026
66081.374769	0.934388	-284.960937	-47.656250
66081.376771	1.082090	-284.960937	-47.656250
66081.378772	1.077837	11.856213	0.176160
66082.420816	0.845362	-121.191406	410.839844
66082.422819	1.079001	11.869011	0.102757
66083.463393	0.856893	-282.617187	-46.386719
66083.465394	1.083459	-282.617187	-46.386719
66083.467394	1.078853	11.867379	0.102344
66084.507449	0.750605	-116.992187	420.312500
66084.511450	1.079256	-116.992187	420.312500
66084.515449	1.074256	-116.992187	420.312500
66084.517454	1.072840	11.801240	0.102090
66085.543499	0.689517	-282.128906	-45.117187
66085.545501	1.065223	-282.128906	-45.117187
66085.547500	1.080393	-282.128906	-45.117187
66085.551504	1.075226	11.827490	0.106773
66086.595543	0.521133	-119.140625	416.503906
66086.597543	0.995066	-119.140625	416.503906
66086.599541	1.081522	-119.140625	416.503906
66086.601543	1.077726	11.854980	0.103394
66087.627619	0.492070	-282.714844	-45.605469
66087.629622	0.977771	-282.714844	-45.605469
66087.631623	1.081394	-282.714844	-45.605469
66087.633623	1.077494	11.852429	0.106001
66088.685671	0.825703	-126.562500	403.710937
66088.687675	1.083654	-126.562500	403.710937
66088.689674	1.083764	11.921404	0.104623
66089.710141	0.932284	-283.105469	-45.996094
66089.712142	1.083347	-283.105469	-45.996094
66089.714142	1.078928	11.868204	0.174991
66090.774214	0.721192	-123.632812	415.039062
66090.776218	1.072133	-123.632812	415.039062
66090.778218	1.079568	-123.632812	415.039062
66090.780217	1.076653	11.843185	0.103935
66091.794223	0.747486	-284.082031	-47.753906
66091.796225	1.076451	-284.082031	-47.753906
66091.798225	1.077603	-284.082031	-47.753906
66091.800224	1.076243	11.838675	0.102363
66092.868209	0.945565	-134.179687	397.460937
66092.870210	1.084111	-134.179687	397.460937
66092.872212	1.079881	11.878695	0.101339
66093.876797	1.066804	-281.445312	-49.121094
66093.878798	1.080194	-281.445312	-49.121094
66093.882795	1.074944	11.824379	0.109198
66094.951332	0.511380	-139.746094	388.085937
66094.953334	0.989521	-139.746094	388.085937
66094.955334	1.081576	-139.746094	388.085937
66094.957334	1.077802	11.855823	0.110254
66095.959373	0.623379	-278.710937	-50.097656
66095.961375	1.043550	-278.710937	-50.097656
66095.963376	1.080209	-278.710937	-50.097656
66095.965376	1.076836	11.845198	0.109667
66097.041372	0.786927	-139.160156	389.941406
66097.043374	1.080900	-139.160156	389.941406
66097.045375	1.078438	-139.160156	389.941406
66097.047373	1.075527	11.830795	0.104468
66098.048334	0.624228	-276.562500	-51.074219
66098.050336	1.044096	-276.562500	-51.074219
66098.052335	1.080617	-276.562500	-51.074219
66098.056336	1.075026	11.825284	0.102789
66099.126913	0.948831	-142.773437	383.203125
66099.128915	1.084164	-142.773437	383.203125
66099.130916	1.079811	11.877916	0.232475
66100.134964	1.017501	-276.367187	-52.441406
66100.136967	1.021228	-276.367187	-52.441406
66100.138968	1.077601	11.853616	0.104544
66101.215562	0.884650	-135.351562	397.851562
66101.217563	1.084450	-135.351562	397.851562
66101.221563	1.077207	11.849274	0.104957
66102.223638	0.972279	-272.265625	-51.757812
66102.225638	1.081773	-272.265625	-51.757812
66102.227640	1.077799	11.855787	0.330038
66103.299689	0.697883	-140.332031	386.914062
66103.301691	1.066939	-140.332031	386.914062
66103.303690	1.079728	-140.332031	386.914062
66103.305689	1.079574	11.875311	0.111000
66104.308256	0.929090	-276.269531	-51.757812
66104.310257	1.084039	-276.269531	-51.757812
66104.312256	1.079625	11.875870	0.105208
66105.390867	1.078199	-133.496094	401.855469
66105.392870	1.079767	-133.496094	401.855469
66105.394872	1.076830	11.845135	0.104186
66106.392906	0.883363	-280.175781	-51.660156
66106.394907	1.082707	-280.175781	-51.660156
66106.396907	1.078115	11.859261	0.102811
66107.472951	0.553122	-135.742187	398.144531
66107.474952	1.012177	-135.742187	398.144531
66107.476954	1.080984	-135.742187	398.144531
66107.478954	1.077358	11.850940	0.107120
66108.480992	0.664113	-274.609375	-48.437500
66108.484995	1.080052	-274.609375	-48.437500
66108.486997	1.076838	-274.609375	-48.437500
66108.488998	1.074612	11.820738	0.102680
66109.561046	1.083181	-137.597656	393.359375
66109.563046	1.078559	11.864153	0.104346
66110.567630	1.036398	-282.812500	-47.851562
66110.569630	1.080461	-282.812500	-47.851562
66110.571630	1.077035	11.847385	0.106953
66111.644294	0.948360	-136.718750	393.261719
66111.646295	1.082746	-136.718750	393.261719
66111.648296	1.078634	11.864977	0.230264
66112.656339	1.003133	-287.109375	-46.484375
66112.658343	1.080665	-287.109375	-46.484375
66112.660341	1.076976	11.846739	0.474902
66113.728414	0.776211	-123.437500	417.871094
66113.730414	1.080160	-123.437500	417.871094
66113.732414	1.078976	-123.437500	417.871094
66113.734415	1.076166	11.837824	0.100774
66114.744370	0.817033	-288.574219	-45.312500
66114.746372	1.083628	-288.574219	-45.312500
66114.748371	1.079779	11.877571	0.107180
66115.808988	0.728514	-126.269531	408.300781
66115.810989	1.073599	-126.269531	408.300781
66115.812990	1.079575	-126.269531	408.300781
66115.814989	1.076593	11.842521	0.106534
66116.833067	0.746805	-285.351562	-43.847656
66116.835067	1.077072	-285.351562	-43.847656
66116.837068	1.079923	-285.351562	-43.847656
66116.839067	1.079790	11.877695	0.110521
66117.895149	0.737080	-125.976562	405.468750
66117.897148	1.080929	-125.976562	405.468750
66117.901148	1.074916	11.824078	0.101811
66118.926045	0.727456	-290.917969	-44.042969
66118.928046	1.073142	-290.917969	-44.042969
66118.930047	1.079430	-290.917969	-44.042969
66118.932047	1.076424	11.840668	0.107277
66119.978624	0.706360	-122.363281	411.035156
66119.980627	1.069371	-122.363281	411.035156
66119.982626	1.080146	-122.363281	411.035156
66119.984627	1.077124	11.848360	0.102526
66121.013531	1.083295	-292.871094	-44.238281
66121.015532	1.078657	11.865226	0.107609
66122.062044	1.083515	-123.339844	409.082031
66122.064045	1.078851	11.867361	0.104644
66123.100614	0.912277	-290.234375	-44.433594
66123.102615	1.083915	-290.234375	-44.433594
66123.104615	1.079299	11.872289	0.106737
66124.144652	0.801314	-116.699219	423.632812
66124.146654	1.082232	-116.699219	423.632812
66124.148654	1.079179	11.870968	0.108378
66125.188721	0.698812	-287.988281	-43.847656
66125.190724	1.066845	-287.988281	-43.847656
66125.192723	1.079378	-287.988281	-43.847656
66125.194723	1.076247	11.838718	0.106134
66126.232738	0.577533	-115.917969	425.976562
66126.234740	1.024225	-115.917969	425.976562
66126.236745	1.081113	-115.917969	425.976562
66126.238747	1.077588	11.853465	0.105148
66127.276800	0.468431	-292.675781	-44.921875
66127.280802	1.083256	-292.675781	-44.921875
66127.282803	1.079141	-292.675781	-44.921875
66127.284801	1.076822	11.845046	0.105555
66128.318875	0.902555	-116.210937	426.757812
66128.320878	1.084331	-116.210937	426.757812
66128.322880	1.079671	11.876384	0.104087
66129.364925	1.082029	-288.476562	-44.238281
66129.366927	1.079047	-288.476562	-44.238281
66129.368928	1.076262	11.838887	0.103160
66130.402935	0.699916	-124.609375	408.203125
66130.404937	1.068005	-124.609375	408.203125
66130.408934	1.077499	-124.609375	408.203125
66130.410937	1.075366	11.829023	0.110047
66131.447441	0.708373	-290.820312	-45.117187
66131.449442	1.068887	-290.820312	-45.117187
66131.451442	1.079180	-290.820312	-45.117187
66131.455441	1.073883	11.812716	0.105950
66132.495540	1.080387	-126.562500	404.589844
66132.497542	1.077051	11.847563	0.105169
66133.531672	0.542889	-288.964844	-43.359375
66133.533673	1.006840	-288.964844	-43.359375
66133.535673	1.080844	-288.964844	-43.359375
66133.537675	1.077162	11.848786	0.106500
66134.583728	1.084084	-117.675781	423.632812
66134.585732	1.079625	-117.675781	423.632812
66134.587731	1.077194	11.849131	0.103056
66135.617730	2.266895	-292.382812	-43.457031
66135.619733	1.083615	-292.382812	-43.457031
66135.621732	1.083538	11.918913	0.103828
66136.671748	1.063258	-123.437500	411.230469
66136.673750	1.079633	-123.437500	411.230469
66136.675749	1.076527	11.841794	0.103700
66137.698353	0.814860	-292.773437	-43.457031
66137.700359	1.082745	-292.773437	-43.457031
66137.702365	1.078923	11.868151	0.108815
66138.758427	0.612358	-129.296875	401.660156
66138.760428	1.039438	-129.296875	401.660156
66138.762430	1.080741	-129.296875	401.660156
66138.764429	1.077410	11.851515	0.101743
66139.782453	0.619341	-289.648437	-43.359375
66139.784456	1.041987	-289.648437	-43.359375
66139.786455	1.080314	-289.648437	-43.359375
66139.788454	1.076984	11.846828	0.106438
66140.848524	0.898029	-124.218750	416.894531
66140.850524	1.084005	-124.218750	416.894531
66140.852527	1.079319	11.872510	0.105518
66141.869007	1.003790	-289.941406	-44.238281
66141.871007	1.081282	-289.941406	-44.238281
66141.873008	1.077569	11.853262	0.485258
66142.938013	0.996501	-133.203125	399.707031
66142.942012	1.077761	-133.203125	399.707031
66142.944015	1.075309	11.828403	0.107950
66143.950656	1.079023	-289.746094	-45.507812
66143.952657	1.079023	-289.746094	-45.507812
66143.954657	1.076180	11.837975	0.105389
66145.025653	0.701223	-129.394531	410.253906
66145.027655	1.067822	-129.394531	410.253906
66145.029654	1.079836	-129.394531	410.253906
66145.031655	1.076821	11.845028	0.108418
66146.034185	0.924404	-281.250000	-45.605469
66146.036185	1.083168	-281.250000	-45.605469
66146.038188	1.078747	11.866219	0.107356
66147.116736	1.075243	-129.492187	409.667969
66147.118745	1.080341	-129.492187	409.667969
66147.120743	1.077349	11.850842	0.103539
66148.123224	0.939955	-281.542969	-46.972656
66148.125228	1.082372	-281.542969	-46.972656
66148.127226	1.078153	11.859678	0.188675
66149.199261	0.645335	-137.988281	392.675781
66149.201265	1.051824	-137.988281	392.675781
66149.203263	1.080579	-137.988281	392.675781
66149.205265	1.077366	11.851028	0.107342
66150.207854	0.890403	-285.449219	-48.242187
66150.209855	1.083659	-285.449219	-48.242187
66150.211855	1.079002	11.869019	0.107077
66151.285867	1.025416	-140.039062	391.406250
66151.287869	1.080905	-140.039062	391.406250
66151.289870	1.077369	11.851055	0.105488
66152.296460	0.808021	-286.718750	-48.730469
66152.298460	1.081892	-286.718750	-48.730469
66152.300460	1.078413	11.862540	0.102141
66153.373393	0.725856	-134.375000	401.757812
66153.375393	1.073159	-134.375000	401.757812
66153.377394	1.079656	-134.375000	401.757812
66153.379394	1.076694	11.843637	0.105402
66154.381358	0.816016	-280.859375	-46.875000
66154.383361	1.083510	-280.859375	-46.875000
66154.385361	1.079500	11.874496	0.105244
66155.461458	1.081529	-138.964844	392.382812
66155.463460	1.077719	11.854910	0.104716
66156.466004	0.751268	-288.671875	-46.972656
66156.468007	1.077198	-288.671875	-46.972656
66156.470006	1.079247	-288.671875	-46.972656
66156.472006	1.076366	11.840031	0.110277
66157.542630	0.595996	-131.054687	409.375000
66157.544631	1.032529	-131.054687	409.375000
66157.546632	1.080792	-131.054687	409.375000
66157.548633	1.077334	11.850674	0.109203
66158.554674	0.682493	-286.523437	-45.117187
66158.556675	1.062611	-286.523437	-45.117187
66158.558675	1.079447	-286.523437	-45.117187
66158.560674	1.076268	11.838949	0.107202
66159.628652	0.890539	-133.105469	406.933594
66159.630655	1.083927	-133.105469	406.933594
66159.632657	1.079184	11.871022	0.105005
66160.642676	0.430881	-293.066406	-44.140625
66160.644678	0.937285	-293.066406	-44.140625
66160.646679	1.084009	-293.066406	-44.140625
66160.648681	1.083789	11.921679	0.105829
