time (s)	energy (uJ)	charge (mC)	voltage (mV)	crossing#mod 255
4991.880742	21.594152	0.003818	5.655821	70
4992.910857	22.994032	0.003823	6.014819	71
4993.954937	21.834608	0.003816	5.722558	72
4994.989547	23.408409	0.003840	6.096459	73
4996.035565	21.573631	0.003812	5.660089	74
4997.062144	23.449802	0.003837	6.111344	75
4998.112153	30.948814	0.003820	8.101147	76
4999.143110	23.343153	0.003807	6.131444	77
5000.187670	22.343094	0.003838	5.821401	78
5001.217719	23.035875	0.003829	6.016030	79
5002.260633	22.910519	0.003819	5.999858	80
5003.294728	22.470140	0.003814	5.891847	81
5004.334775	23.256739	0.003829	6.074230	82
5005.374715	22.515495	0.003819	5.895123	83
5006.404794	24.068790	0.003821	6.299431	84
5007.454842	22.455090	0.003823	5.874141	85
5008.478929	23.568411	0.003818	6.173754	86
5009.533466	23.372726	0.003826	6.109587	87
5010.560048	22.969173	0.003809	6.029562	88
5011.604481	23.686426	0.003812	6.213480	89
5012.640693	22.674940	0.003825	5.928450	90
5013.678082	24.215271	0.003810	6.356421	91
5014.725326	22.970188	0.003818	6.016518	92
5015.747858	23.594126	0.003820	6.177047	93
5016.795962	23.685860	0.003837	6.172365	94
5017.833974	23.342112	0.003806	6.132740	95
5018.867632	23.991884	0.003811	6.295175	96
5019.912080	22.976698	0.003836	5.990011	97
5020.940086	24.281502	0.003823	6.350596	98
5021.994089	23.566130	0.003816	6.175163	99
5023.015025	24.551477	0.003815	6.435630	100
5024.066999	24.066244	0.003820	6.300548	101
5025.094315	23.888866	0.003818	6.256985	102
5026.141029	25.068275	0.003837	6.533065	103
5027.171537	23.427130	0.003817	6.137642	104
5028.215623	25.004423	0.003827	6.533763	105
5029.251604	23.759537	0.003830	6.203053	106
5030.289646	25.092690	0.003821	6.567550	107
5031.330209	23.442739	0.003814	6.146913	108
5032.364247	25.293255	0.003820	6.621933	109
5033.406788	23.473806	0.003810	6.160986	110
5034.441389	25.146025	0.003827	6.569973	111
5035.481376	23.829782	0.003814	6.247194	112
5036.517386	25.217072	0.003813	6.613266	113
5037.559556	23.901209	0.003832	6.237977	114
5038.596162	25.442963	0.003811	6.676013	115
5039.631039	24.285448	0.003826	6.347508	116
5040.677053	25.355509	0.003839	6.604702	117
5041.708005	24.674768	0.003810	6.476796	118
5042.756601	25.099100	0.003808	6.591228	119
5043.783166	25.011425	0.003812	6.561011	120
5044.831164	24.799887	0.003821	6.491080	121
5045.859280	25.725695	0.003832	6.713093	122
5046.907838	24.840479	0.003838	6.471950	123
5047.935558	25.732815	0.003822	6.732998	124
5048.981967	24.653337	0.003810	6.470117	125
5050.016542	26.019604	0.003836	6.782699	126
5051.053011	25.221773	0.003813	6.615514	127
5052.097682	25.494440	0.003820	6.673243	128
5053.129667	25.712572	0.003821	6.729105	129
5054.173712	24.647930	0.003834	6.429042	130
5055.204226	25.599293	0.003818	6.705385	131
5056.246297	24.294096	0.003847	6.315451	132
5057.288330	25.704855	0.003822	6.725605	133
5058.316313	24.673429	0.003815	6.467237	134
5059.367315	25.272476	0.003825	6.606958	135
5060.391412	25.228128	0.003827	6.592158	136
5061.445465	25.100529	0.003825	6.562858	137
5062.469485	25.798731	0.003856	6.691207	138
5063.521484	24.710537	0.003835	6.443168	139
5064.545552	25.833330	0.003818	6.765369	140
5065.597535	24.798422	0.003822	6.488018	141
5066.624067	25.851463	0.003819	6.768688	142
5067.674121	24.809734	0.003825	6.487021	143
5068.700160	25.996866	0.003823	6.799596	144
5069.750188	25.131546	0.003832	6.557808	145
5070.776639	25.981411	0.003810	6.819137	146
5071.826018	24.936129	0.003808	6.548141	147
5072.853065	26.096577	0.003815	6.839977	148
5073.900207	24.987865	0.003820	6.541191	149
5074.928263	26.269915	0.003834	6.852255	150
5075.978289	25.235134	0.003822	6.603102	151
5077.004344	26.392271	0.003821	6.907435	152
5078.058887	25.419403	0.003808	6.675389	153
5079.081442	26.041121	0.003812	6.832043	154
5080.132391	26.198895	0.003814	6.868469	155
5081.156473	25.956480	0.003832	6.773332	156
5082.210552	26.432234	0.003810	6.937445	157
5083.237071	25.498066	0.003819	6.676220	158
5084.280113	27.143255	0.003833	7.082268	159
5085.322089	25.472498	0.003848	6.620321	160
5086.352105	27.218880	0.003831	7.105416	161
5087.398010	25.852520	0.003816	6.773979	162
5088.428861	26.649010	0.003814	6.988050	163
5089.474128	26.550486	0.003816	6.957299	164
5090.505084	26.679270	0.003836	6.955140	165
5091.549070	26.876055	0.003820	7.036402	166
5092.589096	26.006041	0.003821	6.806397	167
5093.623160	27.119818	0.003827	7.086131	168
5094.668106	25.987444	0.003810	6.821736	169
5095.694574	27.215858	0.003817	7.130461	170
5096.743147	26.106148	0.003812	6.848196	171
5097.769865	27.099905	0.003810	7.113394	172
5098.820265	26.494442	0.003805	6.963328	173
5099.846306	27.254625	0.003818	7.138381	174
5100.898342	26.560297	0.003822	6.949976	175
5101.920337	27.420319	0.003818	7.180995	176
5102.974036	26.962135	0.003826	7.046448	177
5104.000429	27.057127	0.003814	7.093288	178
5105.050393	27.302713	0.003818	7.150478	179
5106.074913	26.901188	0.003807	7.066724	180
5107.129262	27.290730	0.003821	7.141372	181
5108.153599	27.038658	0.003822	7.074082	182
5109.203634	27.653690	0.003823	7.233298	183
5110.229554	27.068754	0.003817	7.091508	184
5111.281795	27.664419	0.003823	7.236641	185
5112.305703	27.195980	0.003813	7.132192	186
5113.356341	27.879120	0.003812	7.312995	187
5114.382442	27.603291	0.003824	7.219178	188
5115.434509	27.563179	0.003823	7.210760	189
5116.458452	27.736214	0.003817	7.266658	190
5117.510581	27.455544	0.003816	7.195781	191
5118.534680	28.114977	0.003840	7.321742	192
5119.588760	27.327400	0.003824	7.146096	193
5120.614848	27.948483	0.003805	7.346030	194
5121.663373	27.218382	0.003810	7.143762	195
5122.691449	28.226610	0.003822	7.385671	196
5123.739440	26.882690	0.003813	7.050834	197
5124.767412	28.072355	0.003820	7.349638	198
5125.814225	27.282919	0.003814	7.154227	199
5126.850248	28.026627	0.003808	7.360277	200
5127.888518	27.730593	0.003813	7.272750	201
5128.926505	28.029871	0.003817	7.344326	202
5129.962643	28.149979	0.003824	7.360705	203
5131.006637	28.088890	0.003835	7.324228	204
5132.035353	28.601728	0.003816	7.496096	205
5133.085217	27.526018	0.003815	7.216011	206
5134.111762	28.689680	0.003813	7.524093	207
5135.158164	27.522741	0.003811	7.221478	208
5136.194292	28.732851	0.003824	7.513394	209
5137.230785	27.516027	0.003815	7.212069	210
5138.270737	28.918165	0.003816	7.578660	211
5139.310201	27.501320	0.003807	7.224307	212
5140.351037	28.753065	0.003819	7.529289	213
5141.381382	28.216520	0.003826	7.374430	214
5142.429215	28.825966	0.003818	7.549096	215
5143.457397	28.602415	0.003824	7.479684	216
5144.505377	28.427290	0.003813	7.454967	217
5145.531882	28.848679	0.003820	7.551924	218
5146.583652	28.453606	0.003820	7.448417	219
5147.608187	28.930157	0.003811	7.590865	220
5148.658987	29.015480	0.003813	7.609147	221
5149.684754	29.007524	0.003807	7.620343	222
5150.737636	28.647289	0.003833	7.473044	223
5151.761655	29.537495	0.003819	7.733784	224
5152.813598	28.729836	0.003814	7.531928	225
5153.839785	28.908224	0.003816	7.575227	226
5154.893827	28.769726	0.003821	7.530156	227
5155.916397	29.237331	0.003825	7.644230	228
5156.964369	29.358326	0.003817	7.692369	229
5157.994475	28.615471	0.003819	7.492249	230
5159.038555	29.910496	0.003838	7.792715	231
5160.075129	28.456766	0.003829	7.431572	232
5161.113237	29.909067	0.003826	7.816418	233
5162.155292	28.285807	0.003823	7.398570	234
5163.187854	30.087957	0.003842	7.830723	235
5164.231946	28.874655	0.003849	7.502074	236
5165.261819	30.049433	0.003810	7.887720	237
5166.311169	28.859264	0.003818	7.557869	238
5167.338464	29.597754	0.003811	7.766212	239
5168.385002	29.370949	0.003816	7.696339	240
5169.419172	29.791592	0.003813	7.813277	241
5170.461165	30.171856	0.003836	7.866347	242
5171.495003	29.373505	0.003811	7.707532	243
5172.535274	29.604273	0.003831	7.727403	244
5173.573215	29.171141	0.003809	7.658993	245
5174.609745	30.103720	0.003813	7.895559	246
5175.653903	28.991051	0.003807	7.614208	247
5176.686439	30.335773	0.003828	7.924959	248
5177.730503	29.346327	0.003827	7.667877	249
5178.763052	30.279764	0.003813	7.942138	250
5179.809614	28.853264	0.003815	7.562932	251
5180.837574	30.474075	0.003825	7.968100	252
5181.886180	29.310423	0.003831	7.651409	253
5182.914176	30.401274	0.003820	7.958377	254
5183.963822	29.282637	0.003810	7.685405	255
5184.993112	30.372765	0.003827	7.936405	0
5186.039632	29.606184	0.003824	7.742839	1
5187.067682	30.443340	0.003815	7.980609	2
5188.115718	29.635832	0.003824	7.749911	3
5189.143753	30.612413	0.003818	8.016904	4
5190.191803	29.840351	0.003823	7.805256	5
5191.221865	30.618076	0.003814	8.026844	6
5192.268457	29.750010	0.003834	7.760489	7
5193.296416	31.192486	0.003813	8.179826	8
5194.344499	30.080952	0.003826	7.862085	9
5195.378503	31.210667	0.003808	8.195336	10
5196.422536	29.753792	0.003820	7.789043	11
5197.451314	30.794077	0.003816	8.070678	12
5198.495321	29.954794	0.003810	7.861616	13
5199.530079	30.727936	0.003813	8.059484	14
5200.570904	30.157324	0.003812	7.912193	15
5201.606968	30.953947	0.003812	8.120368	16
5202.647048	30.418215	0.003815	7.973300	17
5203.687646	30.954437	0.003835	8.071592	18
5204.721663	30.874649	0.003827	8.067772	19
5205.763677	30.728582	0.003821	8.041969	20
5206.797690	31.103704	0.003817	8.148136	21
5207.845006	30.260191	0.003803	7.957147	22
5208.874264	31.261118	0.003814	8.196490	23
5209.920296	30.376879	0.003827	7.936745	24
5210.950298	31.720625	0.003833	8.276087	25
5211.996934	30.443419	0.003815	7.980463	26
5213.026867	31.582182	0.003806	8.297890	27
5214.070993	30.145168	0.003820	7.890877	28
5215.111029	31.035364	0.003804	8.158152	29
5216.144019	30.462761	0.003837	7.938358	30
5217.188022	31.607695	0.003840	8.232157	31
5218.220851	30.287285	0.003805	7.960802	32
5219.266185	31.374804	0.003824	8.203652	33
5220.294254	30.969324	0.003818	8.112387	34
5221.344814	31.203186	0.003829	8.148413	35
5222.370864	31.089481	0.003832	8.113313	36
5223.421442	31.318615	0.003833	8.170331	37
5224.445904	31.473303	0.003818	8.242624	38
5225.496671	31.225048	0.003817	8.179450	39
5226.526278	31.044010	0.003806	8.157497	40
5227.573845	31.054928	0.003813	8.145003	41
5228.602130	31.368246	0.003817	8.217953	42
5229.650098	31.570553	0.003815	8.275315	43
5230.678203	31.348289	0.003820	8.205809	44
5231.726187	31.719101	0.003812	8.321579	45
5232.756284	32.800365	0.003833	8.557322	46
5233.802315	32.141052	0.003834	8.383336	47
5234.835232	30.988409	0.003828	8.095904	48
5235.877260	31.892551	0.003806	8.380003	49
5236.913274	31.090103	0.003822	8.135451	50
5237.951244	32.259712	0.003826	8.430695	51
5238.991218	31.347029	0.003811	8.225935	52
5240.025655	32.502316	0.003810	8.531462	53
5241.073860	30.578722	0.003805	8.035757	54
5242.104817	32.027824	0.003816	8.393148	55
5243.146494	31.250780	0.003808	8.206308	56
5244.178836	32.375004	0.003820	8.475252	57
5245.222916	31.862432	0.003817	8.347673	58
5246.256879	32.347816	0.003814	8.480589	59
5247.299477	40.057713	0.003817	10.495446	60
5248.330906	32.538326	0.003823	8.511078	61
5249.374173	32.094162	0.003818	8.406628	62
5250.412324	32.268162	0.003822	8.443815	63
5251.454372	32.941135	0.003822	8.619716	64
5252.489711	31.491955	0.003813	8.259587	65
5253.530963	31.924570	0.003811	8.376751	66
5254.567398	31.620499	0.003813	8.293705	67
5255.605640	31.787786	0.003819	8.323769	68
5256.646651	31.068274	0.003808	8.158915	69
5257.679135	32.560486	0.003810	8.545577	70
5258.720757	31.771111	0.003810	8.338365	71
5259.755271	32.589031	0.003806	8.563546	72
5260.797256	31.959631	0.003814	8.378956	73
5261.835344	32.137543	0.003817	8.419907	74
5262.874334	32.378399	0.003816	8.484034	75
5263.910275	32.472889	0.003815	8.512885	76
5264.950339	32.175983	0.003821	8.421023	77
5265.990318	32.349346	0.003808	8.494312	78
5267.028346	31.975958	0.003821	8.368924	79
5268.068420	32.555019	0.003851	8.453617	80
5269.102462	32.414940	0.003824	8.477309	81
5270.144510	32.265678	0.003812	8.464877	82
5271.178850	32.736809	0.003815	8.580757	83
5272.221337	32.378777	0.003853	8.403249	84
5273.257653	32.587307	0.003827	8.514021	85
5274.298604	32.289803	0.003825	8.442762	86
5275.332632	33.287025	0.003833	8.684147	87
5276.374630	32.264790	0.003832	8.419210	88
5277.410613	32.963673	0.003814	8.642028	89
5278.453179	40.149498	0.003819	10.513001	90
5279.489183	33.022831	0.003827	8.629027	91
5280.523684	32.105251	0.003808	8.430688	92
5281.566252	33.117771	0.003811	8.689211	93
5282.597979	33.380562	0.003835	8.704988	94
5283.646366	33.799278	0.003829	8.827849	95
5284.676404	33.477402	0.003822	8.758518	96
5285.722497	33.734135	0.003822	8.826832	97
5286.750435	34.162968	0.003810	8.965840	98
5287.800469	33.301819	0.003816	8.726745	99
5288.828596	33.402271	0.003818	8.747685	100
5289.877528	33.264076	0.003821	8.705896	101
5290.903510	33.695030	0.003818	8.826240	102
5291.954500	33.486794	0.003829	8.745382	103
5292.980462	33.499599	0.003818	8.774031	104
5294.030378	33.485489	0.003815	8.776649	105
5295.057008	33.723873	0.003821	8.825682	106
5296.106920	34.238213	0.003817	8.971044	107
5297.135013	33.547855	0.003814	8.796653	108
5298.183149	33.981976	0.003821	8.894115	109
5299.216118	33.410114	0.003823	8.740144	110
5300.260159	33.737473	0.003813	8.848470	111
5301.294193	35.772076	0.003838	9.320333	112
