num crossings	time (s)	maj axis (mm)	min axis (mm)	theta (rad )	slope (V/s)
9031	66895.704867	44.500339	-11.940785	-0.568071	3.004303
9033	66897.787179	42.723753	-11.765678	-0.558944	3.845477
9035	66899.877040	44.536163	-11.903332	-0.571291	3.561042
9037	66901.960611	44.285802	-11.789580	-0.572042	3.257139
9039	66904.044386	44.243687	-11.822981	-0.573029	3.940721
9041	66906.130857	43.810723	-11.800077	-0.571070	2.527594
9043	66908.215476	44.378582	-11.792637	-0.575894	3.724366
9045	66910.299439	43.431951	-11.614969	-0.568296	3.471723
9047	66912.380698	44.208311	-11.736512	-0.577417	3.454216
9049	66914.464147	44.176203	-11.792141	-0.579387	3.875114
9051	66916.552511	43.913741	-14.890038	-0.550154	2.859905
9053	66918.634080	42.960038	-11.800802	-0.578474	3.862860
9055	66920.722099	43.465006	-11.666252	-0.577942	3.221926
9057	66922.808151	44.157448	-11.836740	-0.590709	3.357330
9059	66924.893416	43.962360	-11.747670	-0.590539	3.669057
9061	66926.984289	43.901861	-11.753208	-0.592971	3.150242
9063	66929.069739	43.861669	-11.803566	-0.595010	3.675968
9065	66931.159685	43.870862	-11.745934	-0.595611	3.341352
9067	66933.248075	43.850773	-11.828695	-0.599374	3.126591
9069	66935.335809	43.751864	-11.699149	-0.599756	3.763174
9071	66937.424817	43.650717	-11.761706	-0.600121	3.384914
9073	66939.511551	43.615300	-11.600316	-0.601007	3.272310
9075	66941.599889	43.346818	-11.600164	-0.600964	3.523926
9077	66943.687010	43.620487	-11.750910	-0.606305	3.246289
9079	66945.771757	43.512658	-11.625165	-0.607919	3.595308
9081	66947.859190	43.864542	-11.799640	-0.612658	3.419668
9083	66949.942972	42.231432	-11.770485	-0.605753	3.323753
9085	66952.028491	43.642256	-11.720095	-0.614715	3.377850
9087	66954.113426	43.650509	-11.716693	-0.616518	3.116028
9089	66956.196690	43.673493	-11.708341	-0.618230	3.525775
9091	66958.281574	43.324544	-11.572936	-0.615338	3.268182
9093	66960.365077	43.452873	-11.548299	-0.615960	3.513703
9095	66962.449232	43.912283	-11.815430	-0.625641	3.324566
9097	66964.535536	43.782977	-11.839397	-0.627446	3.271187
9099	66966.619126	43.751978	-11.830753	-0.629384	3.566772
9101	66968.706317	43.509797	-11.615116	-0.628052	3.220096
9103	66970.792495	43.196683	-11.612983	-0.625876	3.495146
9105	66972.879674	43.373435	-11.641304	-0.631267	3.332144
9107	66974.967425	43.602595	-11.719522	-0.637107	3.163601
9109	66977.054782	43.515814	-11.798295	-0.639503	3.505814
9111	66979.144600	42.199155	-11.645778	-0.630395	3.174623
9113	66981.232973	43.197697	-11.595835	-0.637596	3.252217
9115	66983.320858	43.132315	-11.588780	-0.638765	3.479722
9117	66985.408844	43.318135	-13.981081	-0.617843	3.346674
9119	66987.496012	43.096680	-11.537712	-0.642793	3.328564
9121	66989.583265	42.745875	-11.445156	-0.640890	3.330600
9123	66991.669824	43.060861	-11.591486	-0.646960	3.326671
9125	66993.756222	43.265874	-11.676947	-0.650580	3.411955
9127	66995.841325	41.827779	-11.639177	-0.643785	3.329528
9129	66997.926094	43.114257	-11.602018	-0.652597	3.148713
9131	67000.011366	42.848657	-11.493636	-0.653507	3.295011
9133	67002.096140	43.275496	-11.637619	-0.657157	3.268937
9135	67004.179046	43.177199	-11.560431	-0.658440	3.291514
9137	67006.263782	43.127881	-11.587586	-0.659225	3.120772
9139	67008.347384	43.388255	-11.708380	-0.664725	3.424914
9141	67010.433281	43.104504	-11.514944	-0.662871	3.329918
9143	67012.518844	42.810510	-11.500126	-0.661280	3.243336
9145	67014.603317	43.273770	-11.651038	-0.669912	3.305537
9147	67016.691011	41.850684	-11.524697	-0.659907	3.201956
9149	67018.777679	42.940305	-11.535695	-0.671028	3.454277
9151	67020.864533	42.893796	-11.533629	-0.672959	3.324930
9153	67022.953016	42.851257	-11.509323	-0.674961	3.307161
9155	67025.040774	42.811391	-11.498848	-0.676923	3.172883
9157	67027.129194	42.757338	-11.502526	-0.678656	3.267694
9159	67029.217124	42.595323	-15.277821	-0.648331	3.253303
9161	67031.304930	43.846178	11.128608	-0.687795	3.270799
9163	67033.392727	42.686636	-11.444232	-0.684183	3.231275
9165	67035.480584	44.117758	-13.706468	-0.654922	3.147340
9167	67037.567845	41.369116	-11.562529	-0.682502	3.193005
9169	67039.653918	42.807990	-11.553695	-0.691255	3.255464
9171	67041.739815	42.651396	-11.444964	-0.692098	3.324361
9173	67043.825287	42.389132	-11.416971	-0.694011	3.184184
9175	67045.910623	42.618682	-13.842787	-0.673206	3.180077
9177	67047.994895	42.697235	-11.431858	-0.696980	3.149895
9179	67050.078310	42.046902	-15.108428	-0.668084	3.191706
9181	67052.163654	42.717239	-11.389785	-0.700233	3.210713
9183	67054.247873	42.668128	-11.416555	-0.700569	3.213139
9185	67056.332419	42.625813	-11.397972	-0.701792	3.325069
9187	67058.417879	42.165184	-14.305153	-0.680426	3.073131
9189	67060.502966	42.570253	-11.324172	-0.706258	3.070501
9191	67062.589267	42.057313	-14.241067	-0.685991	3.194191
9193	67064.676316	41.441946	-11.374974	-0.701340	3.192130
9195	67066.762788	41.683511	-15.043089	-0.681800	3.197696
9197	67068.850859	42.386978	-11.307622	-0.714210	3.221373
9199	67070.937483	41.167071	-15.259854	-0.692494	2.935031
9201	67073.026047	42.626995	-11.425280	-0.721617	3.073177
9203	67075.112489	41.254089	-11.443466	-0.715156	3.203020
9205	67077.202413	42.000307	-11.274971	-0.719045	3.206499
9207	67079.290712	41.974260	-11.290295	-0.721732	3.170005
9209	67081.377005	42.354260	-11.376527	-0.725287	3.158643
9211	67083.465502	42.253007	-11.238550	-0.725968	3.158360
9213	67085.547727	42.244679	-11.296953	-0.726753	3.266902
9215	67087.638500	42.407885	-11.331874	-0.731486	3.087805
9217	67089.723440	40.939728	-11.374589	-0.728067	3.172579
9219	67091.810039	42.185593	-13.506857	-0.713287	3.109441
9221	67093.894390	43.009768	10.862052	-0.739239	3.246701
9223	67095.978869	42.240295	-11.211979	-0.736890	3.020674
9225	67098.064169	42.029288	-11.152969	-0.736562	3.089095
9227	67100.148215	41.930320	-11.118439	-0.736664	3.024402
9229	67102.233673	42.465173	-11.299500	-0.744713	3.188585
9231	67104.318413	42.202690	-11.118897	-0.743335	3.144288
9233	67106.404920	41.898717	-11.118358	-0.741780	3.104946
9235	67108.490027	42.128100	-11.150230	-0.746518	3.211634
9237	67110.576217	42.075923	-11.132587	-0.748533	3.197786
9239	67112.663242	42.047069	-11.122594	-0.750789	3.348337
9241	67114.749757	42.010882	-11.112093	-0.753139	3.046428
9243	67116.839007	41.973093	-11.092525	-0.754705	3.167083
9245	67118.925768	41.668104	-13.830900	-0.733703	3.127108
9247	67121.013083	42.086681	-11.156689	-0.761868	3.048056
9249	67123.102200	42.059168	-11.147515	-0.763476	3.009362
9251	67125.190087	41.834983	-11.021279	-0.761818	3.199749
9253	67127.277123	41.791088	-11.048817	-0.763260	3.132904
9255	67129.365059	41.740822	-11.036470	-0.765449	3.128698
9257	67131.453387	41.742060	-11.024161	-0.767519	3.065469
9259	67133.539012	41.550087	-11.012780	-0.769556	3.103110
9261	67135.624846	41.566101	-11.011879	-0.772161	3.065385
9263	67137.709743	41.813861	-10.988339	-0.773299	3.215559
9265	67139.795290	41.811277	-10.982126	-0.774668	3.157408
9267	67141.880844	41.886088	-11.032825	-0.776391	2.954454
9269	67143.965187	41.827112	-10.937591	-0.777366	3.149005
9271	67146.050334	41.591599	-10.906004	-0.777649	3.121222
9273	67148.134218	41.800055	-10.934329	-0.780258	2.968635
9275	67150.219744	41.494169	-13.556340	-0.763363	3.153032
9277	67152.305706	41.770089	-10.856212	-0.784490	3.160123
9279	67154.391144	41.720572	-10.889278	-0.785308	3.060198
9281	67156.476983	41.907713	-10.965692	-0.790605	3.073647
9283	67158.564745	41.686367	-10.831407	-0.790230	3.101469
9285	67160.651170	41.817239	-10.893019	-0.794305	3.162861
9287	67162.738776	41.624231	-10.802602	-0.794472	3.133284
9289	67164.826787	41.394438	-10.853034	-0.795822	3.078528
9291	67166.915025	41.334021	-10.825176	-0.797786	2.994680
9293	67169.001557	41.518856	-10.792667	-0.799488	3.065089
9295	67171.088928	41.435542	-10.776996	-0.801281	3.009515
9297	67173.178428	41.267539	-10.828838	-0.803724	3.177825
9299	67175.265806	41.268644	-10.778310	-0.804955	3.028128
9301	67177.351824	41.470430	-10.749382	-0.806145	2.995693
9303	67179.439647	41.437818	-10.739326	-0.808141	3.131441
9305	67181.524777	41.470548	-12.998669	-0.788534	3.277523
9307	67183.610902	41.488464	-10.686636	-0.811228	3.173388
9309	67185.696527	41.289065	-12.968816	-0.795294	2.996276
9311	67187.780313	41.477050	-10.653429	-0.815030	3.066759
9313	67189.864955	41.566615	-10.725445	-0.817176	2.996460
9315	67191.949495	41.509862	-10.603674	-0.817794	3.047947
9317	67194.034353	41.474875	-10.629082	-0.818571	3.150838
9319	67196.120231	41.247159	-10.571159	-0.818809	3.173870
9321	67198.205797	41.735162	-10.687531	-0.825271	3.078259
9323	67200.291293	41.592899	-10.529915	-0.825285	3.123310
9325	67202.378234	41.444851	-10.534739	-0.827437	3.025463
9327	67204.464952	41.174697	-10.619647	-0.828223	3.092508
9329	67206.553357	41.375953	-10.555072	-0.830310	3.111187
