crossing time (s)	slope (V/s)	crossing number
281474976710655.000000	3.664992	9032	66898137088.000000
281474976710655.000000	3.406008	9033	66899144704.000000
281474976710655.000000	3.551173	9034	66900226048.000000
281474976710655.000000	3.171720	9035	66901233664.000000
281474976710655.000000	4.073562	9036	66902306816.000000
281474976710655.000000	3.870788	9037	66903318528.000000
281474976710655.000000	3.404213	9038	66904391680.000000
281474976710655.000000	2.879729	9039	66905407488.000000
281474976710655.000000	3.941898	9040	66906480640.000000
281474976710655.000000	3.590399	9041	66907496448.000000
281474976710655.000000	3.865398	9042	66908565504.000000
281474976710655.000000	3.331994	9043	66909581312.000000
281474976710655.000000	3.483988	9044	66910646272.000000
281474976710655.000000	3.158444	9045	66911678464.000000
281474976710655.000000	4.163883	9046	66912727040.000000
281474976710655.000000	3.774214	9047	66913759232.000000
281474976710655.000000	3.650122	9048	66914811904.000000
281474976710655.000000	2.995424	9049	66915852288.000000
281474976710655.000000	3.835753	9050	66916900864.000000
281474976710655.000000	3.659426	9051	66917941248.000000
281474976710655.000000	3.864055	9052	66918981632.000000
281474976710655.000000	3.213109	9053	66920026112.000000
281474976710655.000000	3.562608	9054	66921070592.000000
281474976710655.000000	3.269427	9055	66922115072.000000
281474976710655.000000	3.982108	9056	66923155456.000000
281474976710655.000000	3.704708	9057	66924195840.000000
281474976710655.000000	3.660562	9058	66925240320.000000
281474976710655.000000	3.037997	9059	66926284800.000000
281474976710655.000000	3.697266	9060	66927333376.000000
281474976710655.000000	3.616267	9061	66928369664.000000
281474976710655.000000	3.973444	9062	66929418240.000000
281474976710655.000000	3.366970	9063	66930450432.000000
281474976710655.000000	3.453577	9064	66931507200.000000
281474976710655.000000	3.103192	9065	66932539392.000000
281474976710655.000000	3.862060	9066	66933596160.000000
281474976710655.000000	3.591630	9067	66934620160.000000
281474976710655.000000	3.729063	9068	66935685120.000000
281474976710655.000000	3.332052	9069	66936705024.000000
281474976710655.000000	3.638443	9070	66937774080.000000
281474976710655.000000	3.233577	9071	66938789888.000000
281474976710655.000000	3.864425	9072	66939858944.000000
281474976710655.000000	3.555087	9073	66940874752.000000
281474976710655.000000	3.608055	9074	66941947904.000000
281474976710655.000000	3.277468	9075	66942959616.000000
281474976710655.000000	3.648390	9076	66944036864.000000
281474976710655.000000	3.403258	9077	66945048576.000000
281474976710655.000000	3.746293	9078	66946121728.000000
281474976710655.000000	3.383897	9079	66947129344.000000
281474976710655.000000	3.653946	9080	66948206592.000000
281474976710655.000000	3.263885	9081	66949218304.000000
281474976710655.000000	3.806858	9082	66950291456.000000
281474976710655.000000	3.453795	9083	66951307264.000000
281474976710655.000000	3.688539	9084	66952376320.000000
281474976710655.000000	3.205321	9085	66953392128.000000
281474976710655.000000	3.796479	9086	66954461184.000000
281474976710655.000000	3.417653	9087	66955485184.000000
281474976710655.000000	3.691330	9088	66956546048.000000
281474976710655.000000	3.200719	9089	66957570048.000000
281474976710655.000000	3.635055	9090	66958630912.000000
281474976710655.000000	3.377701	9091	66959659008.000000
281474976710655.000000	3.807410	9092	66960711680.000000
281474976710655.000000	3.400133	9093	66961747968.000000
281474976710655.000000	3.564512	9094	66962796544.000000
281474976710655.000000	3.201805	9095	66963836928.000000
281474976710655.000000	3.656749	9096	66964885504.000000
281474976710655.000000	3.451970	9097	66965921792.000000
281474976710655.000000	3.750170	9098	66966966272.000000
281474976710655.000000	3.225313	9099	66968010752.000000
281474976710655.000000	3.576466	9100	66969055232.000000
281474976710655.000000	3.366575	9101	66970095616.000000
281474976710655.000000	3.712162	9102	66971140096.000000
281474976710655.000000	3.310418	9103	66972180480.000000
281474976710655.000000	3.574523	9104	66973229056.000000
281474976710655.000000	3.187447	9105	66974269440.000000
281474976710655.000000	3.684334	9106	66975313920.000000
281474976710655.000000	3.352752	9107	66976354304.000000
281474976710655.000000	3.704294	9108	66977402880.000000
281474976710655.000000	3.232415	9109	66978435072.000000
281474976710655.000000	3.555673	9110	66979491840.000000
281474976710655.000000	3.239532	9111	66980519936.000000
281474976710655.000000	3.655509	9112	66981580800.000000
281474976710655.000000	3.368327	9113	66982604800.000000
281474976710655.000000	3.572675	9114	66983669760.000000
281474976710655.000000	3.224296	9115	66984689664.000000
281474976710655.000000	3.635238	9116	66985758720.000000
281474976710655.000000	3.270227	9117	66986774528.000000
281474976710655.000000	3.658664	9118	66987843584.000000
281474976710655.000000	3.322379	9119	66988859392.000000
281474976710655.000000	3.593920	9120	66989932544.000000
281474976710655.000000	3.195995	9121	66990944256.000000
281474976710655.000000	3.725443	9122	66992017408.000000
281474976710655.000000	3.333684	9123	66993029120.000000
281474976710655.000000	3.579354	9124	66994106368.000000
281474976710655.000000	3.260453	9125	66995118080.000000
281474976710655.000000	3.603667	9126	66996191232.000000
281474976710655.000000	3.277259	9127	66997207040.000000
281474976710655.000000	3.646891	9128	66998276096.000000
281474976710655.000000	3.239274	9129	66999291904.000000
281474976710655.000000	3.608076	9130	67000360960.000000
281474976710655.000000	3.210658	9131	67001380864.000000
281474976710655.000000	3.616589	9132	67002445824.000000
281474976710655.000000	3.273679	9133	67003469824.000000
281474976710655.000000	3.632161	9134	67004526592.000000
281474976710655.000000	3.136119	9135	67005554688.000000
281474976710655.000000	3.611945	9136	67006611456.000000
281474976710655.000000	3.332055	9137	67007647744.000000
281474976710655.000000	3.726669	9138	67008696320.000000
281474976710655.000000	3.233579	9139	67009732608.000000
281474976710655.000000	3.533117	9140	67010781184.000000
281474976710655.000000	3.232116	9141	67011821568.000000
281474976710655.000000	3.612801	9142	67012866048.000000
281474976710655.000000	3.239552	9143	67013910528.000000
281474976710655.000000	3.539212	9144	67014950912.000000
281474976710655.000000	3.191942	9145	67015995392.000000
281474976710655.000000	3.545756	9146	67017039872.000000
281474976710655.000000	3.302323	9147	67018080256.000000
281474976710655.000000	3.643478	9148	67019124736.000000
281474976710655.000000	3.215568	9149	67020165120.000000
281474976710655.000000	3.679274	9150	67021213696.000000
281474976710655.000000	3.235404	9151	67022254080.000000
281474976710655.000000	3.556694	9152	67023302656.000000
281474976710655.000000	3.251472	9153	67024338944.000000
281474976710655.000000	3.576983	9154	67025387520.000000
281474976710655.000000	3.219751	9155	67026419712.000000
281474976710655.000000	3.567549	9156	67027476480.000000
281474976710655.000000	3.288414	9157	67028504576.000000
281474976710655.000000	3.604328	9158	67029565440.000000
281474976710655.000000	3.123666	9159	67030593536.000000
281474976710655.000000	3.501935	9160	67031654400.000000
281474976710655.000000	3.210681	9161	67032674304.000000
281474976710655.000000	3.550044	9162	67033739264.000000
281474976710655.000000	3.155337	9163	67034763264.000000
281474976710655.000000	3.436281	9164	67035828224.000000
281474976710655.000000	3.146157	9165	67036844032.000000
281474976710655.000000	3.464097	9166	67037917184.000000
281474976710655.000000	3.163772	9167	67038932992.000000
281474976710655.000000	3.483732	9168	67040002048.000000
281474976710655.000000	3.142397	9169	67041017856.000000
281474976710655.000000	3.459245	9170	67042086912.000000
281474976710655.000000	3.144069	9171	67043106816.000000
281474976710655.000000	3.558712	9172	67044171776.000000
281474976710655.000000	3.125678	9173	67045191680.000000
281474976710655.000000	3.602238	9174	67046260736.000000
281474976710655.000000	3.121389	9175	67047280640.000000
281474976710655.000000	3.467577	9176	67048341504.000000
281474976710655.000000	3.140620	9177	67049369600.000000
281474976710655.000000	3.487692	9178	67050426368.000000
281474976710655.000000	3.129091	9179	67051454464.000000
281474976710655.000000	3.487713	9180	67052511232.000000
281474976710655.000000	3.125141	9181	67053543424.000000
281474976710655.000000	3.478012	9182	67054596096.000000
281474976710655.000000	3.208035	9183	67055636480.000000
281474976710655.000000	3.544219	9184	67056680960.000000
281474976710655.000000	3.152750	9185	67057721344.000000
281474976710655.000000	3.441223	9186	67058765824.000000
281474976710655.000000	3.106150	9187	67059810304.000000
281474976710655.000000	3.412282	9188	67060850688.000000
281474976710655.000000	3.169826	9189	67061895168.000000
281474976710655.000000	3.467582	9190	67062935552.000000
281474976710655.000000	3.096120	9191	67063984128.000000
281474976710655.000000	3.538353	9192	67065024512.000000
281474976710655.000000	3.132628	9193	67066068992.000000
281474976710655.000000	3.458151	9194	67067109376.000000
281474976710655.000000	3.158890	9195	67068153856.000000
281474976710655.000000	3.346024	9196	67069198336.000000
281474976710655.000000	3.157619	9197	67070238720.000000
281474976710655.000000	3.508969	9198	67071287296.000000
281474976710655.000000	3.101228	9199	67072323584.000000
281474976710655.000000	3.447320	9200	67073372160.000000
281474976710655.000000	3.150216	9201	67074408448.000000
281474976710655.000000	3.439769	9202	67075461120.000000
281474976710655.000000	3.153217	9203	67076493312.000000
281474976710655.000000	3.503279	9204	67077550080.000000
281474976710655.000000	3.130152	9205	67078578176.000000
281474976710655.000000	3.395250	9206	67079639040.000000
281474976710655.000000	3.099589	9207	67080663040.000000
281474976710655.000000	3.466903	9208	67081723904.000000
281474976710655.000000	3.097932	9209	67082747904.000000
281474976710655.000000	3.402608	9210	67083812864.000000
281474976710655.000000	3.094805	9211	67084832768.000000
281474976710655.000000	3.724685	9212	67085897728.000000
281474976710655.000000	3.104440	9213	67086921728.000000
281474976710655.000000	3.380882	9214	67087986688.000000
281474976710655.000000	3.082254	9215	67089006592.000000
281474976710655.000000	3.488826	9216	67090071552.000000
281474976710655.000000	3.118117	9217	67091091456.000000
281474976710655.000000	3.462037	9218	67092156416.000000
281474976710655.000000	3.095185	9219	67093180416.000000
281474976710655.000000	3.409578	9220	67094241280.000000
281474976710655.000000	3.066241	9221	67095269376.000000
281474976710655.000000	3.437989	9222	67096326144.000000
281474976710655.000000	3.095539	9223	67097358336.000000
281474976710655.000000	3.433923	9224	67098411008.000000
281474976710655.000000	3.064113	9225	67099443200.000000
281474976710655.000000	3.436048	9226	67100495872.000000
281474976710655.000000	3.110312	9227	67101532160.000000
281474976710655.000000	3.426738	9228	67102580736.000000
281474976710655.000000	3.104630	9229	67103621120.000000
281474976710655.000000	3.438469	9230	67104665600.000000
281474976710655.000000	3.078291	9231	67105710080.000000
281474976710655.000000	3.398229	9232	67106754560.000000
281474976710655.000000	3.095231	9233	67107794944.000000
281474976710655.000000	3.465329	9234	67108839424.000000
281474976710655.000000	3.071275	9235	67109883904.000000
281474976710655.000000	3.370094	9236	67110924288.000000
281474976710655.000000	3.143252	9237	67111968768.000000
281474976710655.000000	3.344606	9238	67113013248.000000
281474976710655.000000	3.042865	9239	67114053632.000000
281474976710655.000000	3.395610	9240	67115098112.000000
281474976710655.000000	3.041437	9241	67116142592.000000
281474976710655.000000	3.332412	9242	67117187072.000000
281474976710655.000000	3.100589	9243	67118223360.000000
281474976710655.000000	3.495098	9244	67119271936.000000
281474976710655.000000	3.078908	9245	67120308224.000000
281474976710655.000000	3.421583	9246	67121360896.000000
281474976710655.000000	3.070710	9247	67122393088.000000
281474976710655.000000	3.408212	9248	67123449856.000000
281474976710655.000000	3.068477	9249	67124477952.000000
281474976710655.000000	3.352733	9250	67125538816.000000
281474976710655.000000	3.085850	9251	67126562816.000000
281474976710655.000000	3.376582	9252	67127623680.000000
281474976710655.000000	3.042793	9253	67128651776.000000
281474976710655.000000	3.353887	9254	67129712640.000000
281474976710655.000000	3.041469	9255	67130736640.000000
281474976710655.000000	3.342765	9256	67131801600.000000
281474976710655.000000	3.047854	9257	67132821504.000000
281474976710655.000000	3.341666	9258	67133886464.000000
281474976710655.000000	3.056274	9259	67134906368.000000
281474976710655.000000	3.352192	9260	67135971328.000000
281474976710655.000000	3.024651	9261	67136995328.000000
281474976710655.000000	3.375596	9262	67138056192.000000
281474976710655.000000	3.030380	9263	67139080192.000000
281474976710655.000000	3.383221	9264	67140145152.000000
281474976710655.000000	3.055283	9265	67141169152.000000
281474976710655.000000	3.335029	9266	67142230016.000000
281474976710655.000000	3.025337	9267	67143258112.000000
281474976710655.000000	3.367321	9268	67144314880.000000
281474976710655.000000	3.071812	9269	67145347072.000000
281474976710655.000000	3.381366	9270	67146399744.000000
281474976710655.000000	3.063826	9271	67147436032.000000
281474976710655.000000	3.435502	9272	67148480512.000000
281474976710655.000000	3.071952	9273	67149520896.000000
281474976710655.000000	3.408354	9274	67150569472.000000
281474976710655.000000	3.031025	9275	67151609856.000000
281474976710655.000000	3.318655	9276	67152654336.000000
281474976710655.000000	3.029719	9277	67153698816.000000
281474976710655.000000	3.296700	9278	67154739200.000000
281474976710655.000000	3.072301	9279	67155783680.000000
281474976710655.000000	3.312598	9280	67156824064.000000
281474976710655.000000	3.040021	9281	67157868544.000000
281474976710655.000000	3.320528	9282	67158913024.000000
281474976710655.000000	3.048184	9283	67159957504.000000
281474976710655.000000	3.389827	9284	67160997888.000000
281474976710655.000000	3.057017	9285	67162042368.000000
281474976710655.000000	3.291995	9286	67163086848.000000
281474976710655.000000	3.018487	9287	67164127232.000000
281474976710655.000000	3.347533	9288	67165175808.000000
281474976710655.000000	3.030513	9289	67166212096.000000
281474976710655.000000	3.319540	9290	67167264768.000000
281474976710655.000000	3.035809	9291	67168296960.000000
281474976710655.000000	3.297957	9292	67169349632.000000
281474976710655.000000	2.971398	9293	67170381824.000000
281474976710655.000000	3.390713	9294	67171438592.000000
281474976710655.000000	3.021738	9295	67172466688.000000
281474976710655.000000	3.304115	9296	67173527552.000000
281474976710655.000000	3.019064	9297	67174551552.000000
281474976710655.000000	3.309489	9298	67175612416.000000
281474976710655.000000	3.042555	9299	67176636416.000000
281474976710655.000000	3.330966	9300	67177701376.000000
281474976710655.000000	3.025546	9301	67178725376.000000
281474976710655.000000	3.259223	9302	67179786240.000000
281474976710655.000000	3.020938	9303	67180810240.000000
281474976710655.000000	3.366819	9304	67181871104.000000
281474976710655.000000	3.049865	9305	67182895104.000000
281474976710655.000000	3.319713	9306	67183960064.000000
281474976710655.000000	2.950225	9307	67184984064.000000
281474976710655.000000	3.305679	9308	67186044928.000000
281474976710655.000000	3.012795	9309	67187073024.000000
281474976710655.000000	3.386253	9310	67188129792.000000
281474976710655.000000	3.020848	9311	67189161984.000000
281474976710655.000000	3.343621	9312	67190214656.000000
281474976710655.000000	2.991597	9313	67191246848.000000
281474976710655.000000	3.342571	9314	67192299520.000000
281474976710655.000000	3.036416	9315	67193335808.000000
281474976710655.000000	3.323228	9316	67194384384.000000
281474976710655.000000	3.159522	9317	67195424768.000000
281474976710655.000000	3.294293	9318	67196469248.000000
281474976710655.000000	3.032658	9319	67197513728.000000
281474976710655.000000	3.356290	9320	67198554112.000000
281474976710655.000000	3.005633	9321	67199598592.000000
281474976710655.000000	3.327767	9322	67200638976.000000
281474976710655.000000	3.059862	9323	67201687552.000000
281474976710655.000000	3.392696	9324	67202727936.000000
281474976710655.000000	3.046195	9325	67203772416.000000
281474976710655.000000	3.274568	9326	67204812800.000000
281474976710655.000000	2.992494	9327	67205857280.000000
281474976710655.000000	3.265287	9328	67206901760.000000
281474976710655.000000	3.074081	9329	67207942144.000000
281474976710655.000000	3.248399	9330	67208986624.000000
281474976710655.000000	3.028296	9331	67210027008.000000
