time (s)	coil I (A)	last det (V)	int current (uC)
66897.072410	0.832731	-290.722656	-35.742187
66897.074413	0.830970	9.140670	0.045051
66898.140854	0.699283	-123.632812	407.910156
66898.142853	0.835220	-123.632812	407.910156
66898.144856	0.831925	9.151172	0.057897
66899.148907	0.769000	-299.902344	-35.644531
66899.150910	0.833526	-299.902344	-35.644531
66899.152915	0.830578	9.136353	0.047305
66900.228982	0.502308	-120.800781	419.628906
66900.230989	0.830915	-120.800781	419.628906
66900.232986	0.833005	-120.800781	419.628906
66900.234987	0.830562	9.136186	0.062288
66901.237064	0.622558	-301.757812	-35.156250
66901.239067	0.837136	-301.757812	-35.156250
66901.241065	0.833395	9.167345	0.057831
66902.311111	0.781385	-122.851562	408.886719
66902.313112	0.833840	-122.851562	408.886719
66902.315111	0.830941	9.140350	0.053618
66903.323171	0.814045	-303.710937	-34.082031
66903.325171	0.833191	-303.710937	-34.082031
66903.327171	0.830507	9.135573	0.094344
66904.395208	0.651506	-122.558594	410.449219
66904.397211	0.835983	-122.558594	410.449219
66904.399210	0.832429	9.156719	0.065084
66905.413234	0.748569	-307.519531	-33.984375
66905.415237	0.832257	9.154822	0.053237
66906.483803	0.559834	-122.167969	411.328125
66906.485802	0.835268	-122.167969	411.328125
66906.487801	0.832473	9.157207	0.058885
66907.499842	0.617509	-297.558594	-33.886719
66907.501845	0.835829	-297.558594	-33.886719
66907.503846	0.832166	9.153831	0.047602
66908.569814	0.781978	-116.601562	431.250000
66908.571818	0.833992	-116.601562	431.250000
66908.573817	0.831225	9.143470	0.053436
66909.587845	0.834018	-311.328125	-33.203125
66909.589845	0.831306	9.144365	0.053059
66910.650445	0.763892	-115.527344	431.152344
66910.652445	0.769152	-115.527344	431.152344
66910.654447	0.830873	9.139606	0.061032
66911.682527	0.748842	-301.171875	-34.179687
66911.684530	0.834041	-301.171875	-34.179687
66911.686529	0.830976	9.140732	0.050097
66912.730533	0.641206	-113.867187	432.714844
66912.732535	0.837005	-113.867187	432.714844
66912.734535	0.833335	9.166680	0.064434
66913.762582	0.607773	-310.546875	-33.300781
66913.764585	0.836216	-310.546875	-33.300781
66913.766584	0.832665	9.159316	0.055314
66914.816645	0.820251	-113.964844	429.785156
66914.818648	0.833073	-113.964844	429.785156
66914.820647	0.830478	9.135263	0.173804
66915.858699	0.833497	-310.156250	-34.375000
66915.860699	0.830674	9.137417	0.051122
66916.907317	0.833937	-113.671875	429.003906
66916.909319	0.831163	9.142797	0.055818
66917.947884	0.834085	-304.785156	-34.667969
66917.949885	0.831554	9.147095	0.094936
66918.985959	0.784444	-110.742187	437.890625
66918.987961	0.834015	-110.742187	437.890625
66918.989961	0.831207	9.143275	0.061244
66920.031951	0.835025	-302.050781	-34.960937
66920.033955	0.831847	9.150311	0.052016
66921.073949	0.609274	-110.449219	440.234375
66921.075949	0.836697	-110.449219	440.234375
66921.077950	0.833166	9.164828	0.058541
66922.119952	0.828198	-302.343750	-34.863281
66922.121954	0.833333	-302.343750	-34.863281
66922.123954	0.830859	9.139446	0.277881
66923.161927	0.836233	-109.277344	442.480469
66923.163930	0.833600	9.169605	0.059729
66924.199934	0.753748	-301.562500	-34.960937
66924.201936	0.834255	-301.562500	-34.960937
66924.203936	0.831313	9.144445	0.054262
66925.244396	0.751173	-112.597656	434.179687
66925.246399	0.833613	-112.597656	434.179687
66925.248399	0.830586	9.136452	0.063948
66926.288477	0.680997	-301.660156	-35.351562
66926.290480	0.835101	-301.660156	-35.351562
66926.292479	0.831659	9.148247	0.052135
66927.336567	0.567626	-112.304687	437.500000
66927.338567	0.836039	-112.304687	437.500000
66927.340567	0.833058	9.163641	0.059711
66928.376563	0.832619	-309.082031	-34.375000
66928.378564	0.830018	-309.082031	-34.375000
66928.380566	0.828421	9.112629	0.053709
66929.425111	0.832737	-115.820312	428.613281
66929.427112	0.830238	9.132614	0.286913
66930.453707	0.589011	-311.621094	-34.082031
66930.457705	0.832884	-311.621094	-34.082031
66930.459707	0.830699	9.137691	0.053459
66931.511732	0.804958	-113.671875	439.746094
66931.513734	0.833675	-113.671875	439.746094
66931.515734	0.830957	9.140528	0.062015
66932.543702	0.781663	-298.632812	-35.156250
66932.545701	0.833690	-298.632812	-35.156250
66932.547702	0.830793	9.138728	0.051273
66933.601724	0.835067	-121.093750	420.019531
66933.603725	0.831532	9.146855	0.061184
66934.623755	0.664577	-301.562500	-34.960937
66934.625758	0.835347	-301.562500	-34.960937
66934.627755	0.831828	9.150108	0.052947
66935.691815	0.819779	-117.968750	432.910156
66935.693819	0.830507	-117.968750	432.910156
66935.695817	0.828787	9.116652	0.149259
66936.709829	0.824328	-304.882812	-34.472656
66936.711832	0.832392	-304.882812	-34.472656
66936.713832	0.829820	9.128015	0.051434
66937.778420	0.784564	-123.730469	418.652344
66937.780423	0.833497	-123.730469	418.652344
66937.782422	0.830622	9.136841	0.063436
66938.795342	0.835854	-292.382812	-36.328125
66938.797344	0.832148	9.153626	0.052685
66939.863420	0.800149	-124.218750	419.042969
66939.867420	0.830793	-124.218750	419.042969
66939.869421	0.829027	9.119293	0.060531
66940.883538	0.832697	-300.585937	-35.839844
66940.885541	0.831067	9.141733	0.207778
66941.952128	0.772484	-125.000000	418.847656
66941.954130	0.834000	-125.000000	418.847656
66941.958130	0.829098	9.120074	0.064429
66942.964146	0.805383	-294.238281	-37.109375
66942.966146	0.833716	-294.238281	-37.109375
66942.968148	0.830990	9.140891	0.055211
66944.040140	0.590140	-125.878906	416.699219
66944.042142	0.835090	-125.878906	416.699219
66944.044142	0.831532	9.146847	0.060893
66945.057143	0.834002	-288.574219	-37.597656
66945.059147	0.832316	9.155478	0.049287
66946.125650	0.727650	-125.195312	418.945312
66946.127652	0.834436	-125.195312	418.945312
66946.129652	0.831269	9.143957	0.060668
66947.133704	0.789079	-299.121094	-36.523437
66947.135705	0.834622	-299.121094	-36.523437
66947.137707	0.831934	9.151278	0.054997
66948.211722	0.835114	-126.757812	413.769531
66948.213723	0.832606	9.158669	0.063153
66949.224291	0.835147	-291.406250	-36.718750
66949.226291	0.832255	9.154805	0.053812
66950.296281	0.825471	-124.121094	420.898437
66950.298283	0.832831	-124.121094	420.898437
66950.302281	0.828561	9.114171	0.253424
66951.310905	0.673816	-303.808594	-36.035156
66951.312906	0.835482	-303.808594	-36.035156
66951.314907	0.831920	9.151118	0.051289
66952.379798	0.640670	-123.242187	423.535156
66952.381801	0.836320	-123.242187	423.535156
66952.383801	0.832747	9.160220	0.066569
66953.395865	0.694929	-303.515625	-35.546875
66953.397866	0.835772	-303.515625	-35.546875
66953.399865	0.832456	9.157021	0.058251
66954.464512	0.605257	-121.484375	426.367187
66954.466513	0.836592	-121.484375	426.367187
66954.468514	0.832966	9.162621	0.064242
66955.488545	1.403170	-293.945312	-35.937500
66955.490547	0.836188	-293.945312	-35.937500
66955.492547	0.832549	9.158040	0.050939
66956.550664	0.811665	-115.917969	438.378906
66956.552667	0.832970	-115.917969	438.378906
66956.554666	0.830302	9.133323	0.085220
66957.572701	0.424587	-297.558594	-35.839844
66957.574702	0.815069	-297.558594	-35.839844
66957.576703	0.832966	-297.558594	-35.839844
66957.578703	0.830344	9.133783	0.054900
66958.634739	0.710282	-119.824219	424.511719
66958.636738	0.834367	-119.824219	424.511719
66958.638740	0.831077	9.141848	0.062123
66959.664833	0.834267	-304.785156	-35.156250
66959.666834	0.830952	9.140474	0.053953
66960.719375	0.833434	-118.750000	424.218750
66960.721376	0.831454	-118.750000	424.218750
66960.723377	0.829933	9.129264	0.064142
66961.751426	0.636069	-303.613281	-35.351562
66961.753429	0.836192	-303.613281	-35.351562
66961.755430	0.832510	9.157615	0.056664
66962.804000	0.831718	-116.796875	428.125000
66962.806005	0.829434	9.123778	0.063155
66963.840574	0.676335	-296.484375	-36.230469
66963.842576	0.684809	-296.484375	-36.230469
66963.844574	0.832226	9.154486	0.053696
66964.888576	0.530957	-112.304687	440.039062
66964.890576	0.834446	-112.304687	440.039062
66964.892574	0.833004	-112.304687	440.039062
66964.894575	0.830720	9.137922	0.061624
66965.926607	0.825402	-305.078125	-35.937500
66965.928610	0.832397	-305.078125	-35.937500
66965.930611	0.829789	9.127678	0.055641
66966.969192	0.491888	-114.453125	433.300781
66966.971195	0.829581	-114.453125	433.300781
66966.973194	0.833186	-114.453125	433.300781
66966.975195	0.830769	9.138463	0.065021
66968.015244	0.801101	-295.703125	-36.816406
66968.017245	0.834164	-295.703125	-36.816406
66968.019246	0.831490	9.146395	0.054526
66969.059272	0.743833	-110.449219	443.945312
66969.061277	0.833980	-110.449219	443.945312
66969.063276	0.830884	9.139721	0.062468
66970.105245	0.829250	-303.906250	-35.742187
66970.107248	0.827825	9.106080	0.053227
66971.143783	0.681501	-113.574219	436.914062
66971.145786	0.836038	-113.574219	436.914062
66971.147784	0.832625	9.158873	0.064247
66972.183858	0.611937	-295.605469	-36.718750
66972.185860	0.836980	-295.605469	-36.718750
66972.187863	0.833185	9.165031	0.056288
66973.232335	0.591125	-112.011719	442.382812
66973.234338	0.835967	-112.011719	442.382812
66973.236339	0.832460	9.157056	0.060999
66974.274362	0.830835	-303.710937	-36.425781
66974.276364	0.833881	-303.710937	-36.425781
66974.278365	0.831540	9.146935	0.327914
66975.320386	0.839646	-117.968750	427.734375
66975.322388	0.836789	9.204681	0.063852
66976.358893	0.810480	-295.410156	-37.011719
66976.360893	0.833666	-295.410156	-37.011719
66976.362893	0.831069	9.141760	0.066029
66977.408951	0.833971	-116.406250	434.472656
66977.410952	0.830914	9.140059	0.066490
66978.441003	0.835729	-300.195312	-36.621094
66978.443005	0.832647	9.159112	0.055571
66979.495618	0.700666	-116.308594	438.281250
66979.497618	0.835532	-116.308594	438.281250
66979.499620	0.832344	9.155780	0.065086
66980.523599	0.678048	-294.921875	-37.109375
66980.525601	0.837066	-294.921875	-37.109375
66980.527601	0.836929	9.206215	0.057027
66981.585692	0.829066	-118.261719	435.839844
66981.587694	0.830574	-118.261719	435.839844
66981.589693	0.830634	9.136974	0.315631
66982.609690	0.829100	-301.953125	-37.011719
66982.611693	0.833225	-301.953125	-37.011719
66982.613692	0.830786	9.138649	0.055851
66983.673732	0.734913	-120.019531	432.714844
66983.675734	0.834134	-120.019531	432.714844
66983.677734	0.831069	9.141760	0.065242
66984.695799	0.834334	-300.683594	-37.402344
66984.697801	0.831360	9.144959	0.053569
66985.763857	0.834648	-126.660156	418.066406
66985.765859	0.832149	9.153644	0.062502
66986.777915	0.616741	-289.355469	-38.476562
66986.781915	0.832726	-289.355469	-38.476562
66986.783917	0.830508	9.135592	0.055347
66987.847995	0.793010	-124.414062	424.902344
66987.849998	0.834188	-124.414062	424.902344
66987.851997	0.831489	9.146377	0.064209
66988.862060	0.429429	-296.679687	-38.378906
66988.864063	0.816604	-296.679687	-38.378906
66988.866065	0.833316	-296.679687	-38.378906
66988.868066	0.830673	9.137400	0.054772
66989.936641	0.753331	-127.050781	419.042969
66989.938643	0.833989	-127.050781	419.042969
66989.940642	0.830935	9.140288	0.066497
66990.949254	0.831909	-287.304687	-39.355469
66990.951256	0.832413	-287.304687	-39.355469
66990.953256	0.830035	9.130389	0.056453
66992.021765	0.787409	-126.660156	420.312500
66992.023767	0.792143	-126.660156	420.312500
66992.025765	0.831380	9.145181	0.064771
66993.033777	0.816487	-293.554687	-38.769531
66993.035779	0.834388	-293.554687	-38.769531
66993.037779	0.831852	9.150374	0.124052
66994.111875	0.836517	-127.148437	418.945312
66994.113878	0.832875	9.161629	0.061417
66995.124535	0.834420	-286.035156	-39.257812
66995.126536	0.831797	9.149762	0.053534
66996.194552	0.602604	-122.851562	429.589844
66996.196554	0.836733	-122.851562	429.589844
66996.198553	0.833162	9.164784	0.064764
66997.210583	0.654936	-296.289062	-38.574219
66997.212585	0.836374	-296.289062	-38.574219
66997.214585	0.832748	9.160229	0.053209
66998.279620	1.673012	-125.488281	421.679687
66998.281621	0.835968	-125.488281	421.679687
66998.283620	0.832327	9.155602	0.065581
66999.300560	0.830603	-289.648437	-38.476562
66999.302562	0.828853	9.117379	0.121896
67000.364571	0.666845	-120.214844	433.691406
67000.366573	0.835139	-120.214844	433.691406
67000.368573	0.831743	9.149168	0.065444
67001.384645	0.700527	-299.511719	-37.500000
67001.386646	0.836054	-299.511719	-37.500000
67001.388647	0.832835	9.161186	0.055203
67002.448678	0.474546	-120.410156	430.566406
67002.450684	0.826743	-120.410156	430.566406
67002.452685	0.833324	-120.410156	430.566406
67002.454683	0.830853	9.139385	0.066294
67003.474757	0.831175	-287.988281	-38.769531
67003.476759	0.834262	-287.988281	-38.769531
67003.478758	0.832027	9.152297	0.322497
67004.530740	0.761270	-120.507812	427.734375
67004.532743	0.834584	-120.507812	427.734375
67004.534741	0.831848	9.150330	0.067738
67005.559318	0.813924	-297.753906	-37.890625
67005.561320	0.833712	-297.753906	-37.890625
67005.563322	0.831164	9.142805	0.102358
67006.615895	0.796614	-114.160156	440.625000
67006.617895	0.833888	-114.160156	440.625000
67006.619894	0.831109	9.142195	0.066797
67007.652392	0.815189	-296.972656	-38.183594
67007.654393	0.833507	-296.972656	-38.183594
67007.656394	0.830899	9.139890	0.055628
67008.703028	0.834354	-117.382812	432.714844
67008.705030	0.831882	9.150702	0.169460
67009.737644	0.836503	-290.136719	-39.453125
67009.739643	0.836308	-290.136719	-39.453125
67009.741645	0.833991	9.173903	0.412098
67010.785699	0.804239	-115.039062	436.718750
67010.787699	0.834077	-115.039062	436.718750
67010.789700	0.831412	9.145535	0.063325
67011.827732	0.834553	-297.656250	-38.476562
67011.829735	0.831617	9.147786	0.056675
67012.870325	0.778854	-115.722656	434.179687
67012.872327	0.834172	-115.722656	434.179687
67012.874326	0.831327	9.144596	0.065295
67013.914295	0.699563	-289.746094	-39.550781
67013.916297	0.836161	-289.746094	-39.550781
67013.918296	0.832939	9.162330	0.056130
67014.956386	0.835960	-112.304687	442.773437
67014.958387	0.832357	9.155922	0.065950
67015.998413	0.522427	-290.820312	-39.746094
67016.000416	0.833733	-290.820312	-39.746094
67016.002418	0.833488	-290.820312	-39.746094
67016.004416	0.831244	9.143682	0.057052
67017.044455	0.809752	-112.402344	442.089844
67017.048456	0.831519	-112.402344	442.089844
67017.050456	0.829721	9.126933	0.073684
67018.084511	0.774820	-299.511719	-39.355469
67018.088511	0.830968	-299.511719	-39.355469
67018.090513	0.829102	9.120118	0.056294
67019.129476	0.821345	-114.843750	436.718750
67019.131478	0.833293	-114.843750	436.718750
67019.133480	0.830751	9.138259	0.194673
67020.169490	0.789034	-300.390625	-39.160156
67020.171493	0.833401	-300.390625	-39.160156
67020.173493	0.830523	9.135751	0.057596
67021.217532	0.710991	-116.601562	433.886719
67021.219540	0.834079	-116.601562	433.886719
67021.221545	0.830824	9.139066	0.065333
67022.257563	0.636779	-287.207031	-40.136719
67022.259565	0.835095	-287.207031	-40.136719
67022.261566	0.831461	9.146076	0.056901
67023.306078	0.625854	-115.039062	438.183594
67023.308078	0.836022	-115.039062	438.183594
67023.310079	0.832367	9.156037	0.067156
67024.339640	1.711437	-292.968750	-39.257812
67024.344998	0.835158	-292.968750	-39.257812
67024.346999	0.832202	9.154221	0.055105
67025.393590	0.834351	-118.652344	431.054687
67025.395592	0.831412	-118.652344	431.054687
67025.397592	0.829396	9.123353	0.067356
67026.423632	0.726821	-292.578125	-39.550781
67026.425632	0.834822	-292.578125	-39.550781
67026.427633	0.831682	9.148503	0.058467
67027.479715	0.579816	-123.437500	422.265625
67027.481715	0.835466	-123.437500	422.265625
67027.483718	0.832174	9.153918	0.069013
67028.509776	0.835988	-292.675781	-39.257812
67028.513776	0.830668	9.137346	0.059702
67029.568373	0.498699	-119.335937	432.617187
67029.570377	0.830209	-119.335937	432.617187
67029.572376	0.832858	-119.335937	432.617187
67029.574376	0.830440	9.134838	0.068081
67030.596417	0.483771	-286.914062	-40.234375
67030.598419	0.828098	-286.914062	-40.234375
67030.600421	0.833024	-286.914062	-40.234375
67030.604418	0.828832	9.117149	0.055524
67031.660422	0.834836	-118.554687	429.980469
67031.662422	0.831921	9.151127	0.063608
67032.678442	0.760047	-292.382812	-40.332031
67032.680444	0.834186	-292.382812	-40.332031
67032.682443	0.831109	9.142195	0.058085
67033.743400	0.759848	-125.097656	417.285156
67033.745403	0.833978	-125.097656	417.285156
67033.747401	0.830964	9.140608	0.068698
67034.769423	0.834846	-277.539062	-41.796875
67034.771427	0.831974	9.151712	0.054320
67035.833364	0.834264	-122.363281	424.121094
67035.835365	0.831934	9.151269	0.066035
67036.849369	0.836117	-292.187500	-41.113281
67036.851371	0.832500	9.157499	0.058546
67037.921927	0.821533	-128.906250	410.449219
67037.923928	0.833431	-128.906250	410.449219
67037.925927	0.830858	9.139438	0.066895
67038.937931	0.831226	-289.746094	-40.917969
67038.939934	0.833285	-289.746094	-40.917969
67038.941934	0.830899	9.139890	0.058573
67040.008574	0.834749	-127.734375	412.500000
67040.010576	0.832174	9.153918	0.065034
67041.021122	0.587677	-281.640625	-41.601562
67041.023123	0.835992	-281.640625	-41.601562
67041.025123	0.836017	9.196183	0.059589
67042.091210	0.781013	-125.878906	415.332031
67042.093211	0.833507	-125.878906	415.332031
67042.095213	0.830576	9.136336	0.068056
67043.115288	0.830934	-288.964844	-40.332031
67043.117290	0.829111	9.120215	0.054669
67044.175347	0.659662	-125.292969	416.992187
67044.177349	0.836222	-125.292969	416.992187
67044.179349	0.832676	9.159431	0.068333
67045.197444	0.835672	-290.625000	-40.429687
67045.199446	0.832407	9.156480	0.057430
67046.266415	0.835274	-125.195312	416.601562
67046.268419	0.831950	9.151446	0.065403
67047.285018	0.790833	-283.007812	-41.406250
67047.287020	0.833850	-283.007812	-41.406250
67047.289020	0.831107	9.142176	0.058591
67048.345105	0.666370	-125.585937	414.453125
67048.347105	0.836017	-125.585937	414.453125
67048.353104	0.828853	9.117379	0.068782
67049.376097	0.833538	-286.816406	-41.015625
67049.378099	0.830895	9.139846	0.057227
67050.432141	0.835170	-123.339844	417.089844
67050.434145	0.831926	9.151180	0.066847
67051.459087	0.814122	-292.480469	-40.332031
67051.461090	0.833507	-292.480469	-40.332031
67051.463089	0.830852	9.139367	0.059268
67052.515684	0.798629	-116.699219	429.101562
67052.517687	0.833550	-116.699219	429.101562
67052.519687	0.830861	9.139473	0.068200
67053.547677	0.776820	-287.500000	-40.917969
67053.549678	0.833750	-287.500000	-40.917969
67053.551679	0.830879	9.139668	0.060114
67054.599704	0.668435	-116.601562	427.246094
67054.601703	0.835140	-116.601562	427.246094
67054.603704	0.831623	9.147848	0.069681
67055.639791	0.600426	-289.843750	-41.406250
67055.641793	0.835950	-289.843750	-41.406250
67055.643793	0.832385	9.156232	0.057244
67056.684721	0.700481	-117.675781	425.976562
67056.686723	0.836021	-117.675781	425.976562
67056.688722	0.832787	9.160654	0.069439
67057.726773	0.835389	-292.968750	-41.406250
67057.728776	0.831741	9.149151	0.056266
67058.768815	0.513674	-115.722656	428.906250
67058.770817	0.831837	-115.722656	428.906250
67058.772817	0.832505	-115.722656	428.906250
67058.774817	0.830053	9.130584	0.069224
67059.814858	0.805141	-283.105469	-42.480469
67059.816862	0.833215	-283.105469	-42.480469
67059.818861	0.830564	9.136203	0.058220
67060.854923	0.771744	-111.230469	436.718750
67060.856926	0.834579	-111.230469	436.718750
67060.858925	0.831689	9.148575	0.067906
67061.900959	0.835587	-280.859375	-42.480469
67061.902963	0.832367	9.156037	0.059291
67062.941038	0.835616	-112.792969	434.179687
67062.943040	0.832039	9.152430	0.068279
67063.987124	0.512491	-285.253906	-42.968750
67063.989125	0.832201	-285.253906	-42.968750
67063.991125	0.832988	-285.253906	-42.968750
67063.993126	0.830580	9.136380	0.058506
67065.029199	0.817549	-117.773437	424.316406
67065.031200	0.833161	-117.773437	424.316406
67065.033200	0.830508	9.135583	0.067562
67066.071759	1.838215	-283.691406	-43.164062
67066.073760	0.821625	-283.691406	-43.164062
67066.075760	0.832517	-283.691406	-43.164062
67066.077760	0.829865	9.128519	0.059727
67067.115837	0.834464	-120.410156	418.554687
67067.117841	0.831828	9.150108	0.067364
67068.157879	0.743199	-285.449219	-42.578125
67068.163880	0.829878	-285.449219	-42.578125
67068.165883	0.828496	9.113454	0.056861
67069.201916	0.658188	-114.355469	431.347656
67069.203917	0.836983	-114.355469	431.347656
67069.207915	0.831350	9.144853	0.070511
67070.243993	0.835706	-288.281250	-42.480469
67070.245995	0.832249	9.154743	0.058449
67071.292560	0.835762	-120.507812	420.312500
67071.294562	0.832381	9.156188	0.066526
67072.327085	0.643594	-282.128906	-43.066406
67072.329088	0.836673	-282.128906	-43.066406
67072.331093	0.836419	9.200614	0.058664
67073.375134	0.508431	-120.898437	420.507812
67073.377134	0.831820	-120.898437	420.507812
67073.379133	0.833130	-120.898437	420.507812
67073.381134	0.830728	9.138011	0.070107
67074.411213	0.455669	-288.964844	-43.066406
67074.413216	0.822863	-288.964844	-43.066406
67074.415215	0.833252	-288.964844	-43.066406
67074.417215	0.830736	9.138090	0.060744
67075.465778	0.815129	-123.632812	416.601562
67075.467779	0.833573	-123.632812	416.601562
67075.469778	0.830971	9.140678	0.125206
67076.499820	0.835570	-276.367187	-43.359375
67076.501823	0.832936	9.162294	0.056647
67077.553809	0.689403	-124.707031	415.429687
67077.555808	0.836427	-124.707031	415.429687
67077.557809	0.833070	9.163765	0.072043
67078.584413	0.833856	-285.253906	-42.871094
67078.586414	0.830951	9.140457	0.058426
67079.643026	0.737291	-122.558594	420.214844
67079.645028	0.834806	-122.558594	420.214844
67079.647028	0.831770	9.149470	0.068931
67080.667060	0.743230	-276.171875	-43.945312
67080.669063	0.834660	-276.171875	-43.945312
67080.673061	0.829757	9.127323	0.060311
67081.729105	0.837922	-126.660156	412.597656
67081.731106	0.834856	9.183413	0.539437
67082.751701	0.705289	-280.664062	-43.652344
67082.753703	0.835215	-280.664062	-43.652344
67082.755703	0.831979	9.151774	0.059502
67083.813239	1.727692	-122.753906	420.214844
67083.818475	0.835775	-122.753906	420.214844
67083.820475	0.832318	9.155497	0.070259
67084.836576	0.706758	-288.085937	-43.847656
67084.838578	0.836316	-288.085937	-43.847656
67084.840578	0.833087	9.163960	0.061711
67085.901590	0.715691	-126.660156	415.136719
67085.903592	0.834149	-126.660156	415.136719
67085.905592	0.830881	9.139695	0.067266
67086.925666	0.729895	-275.488281	-44.726562
67086.927667	0.834553	-275.488281	-44.726562
67086.929667	0.831449	9.145934	0.057062
67087.989674	0.516759	-124.316406	419.140625
67087.991676	0.832952	-124.316406	419.140625
67087.993676	0.833354	-124.316406	419.140625
67087.995678	0.830970	9.140670	0.069541
67089.011786	0.836095	-285.449219	-43.554687
67089.013789	0.832999	9.162985	0.059363
67090.074780	0.579077	-125.390625	414.843750
67090.076782	0.836718	-125.390625	414.843750
67090.078787	0.833409	9.167504	0.068427
67091.096866	0.836051	-285.351562	-43.066406
67091.098867	0.832349	9.155842	0.060954
67092.159453	0.526015	-125.292969	413.378906
67092.161448	0.835662	-125.292969	413.378906
67092.163450	0.835092	-125.292969	413.378906
67092.165449	0.832902	9.161922	0.070488
67093.183488	0.533144	-276.757812	-43.847656
67093.185488	0.833787	-276.757812	-43.847656
67093.187488	0.832292	-276.757812	-43.847656
67093.189486	0.829965	9.129610	0.062109
67094.247537	0.834779	-126.562500	409.765625
67094.249540	0.831992	9.151907	0.068748
67095.272522	0.556935	-274.511719	-44.238281
67095.274524	0.836434	-274.511719	-44.238281
67095.276523	0.833906	9.172964	0.059832
67096.330570	0.794270	-124.902344	412.304687
67096.332574	0.833978	-124.902344	412.304687
67096.334573	0.831236	9.143594	0.071166
67097.365507	0.832589	-282.714844	-43.457031
67097.367507	0.830284	9.133128	0.058243
67098.416087	0.834205	-122.753906	414.746094
67098.418090	0.832626	-122.753906	414.746094
67098.422087	0.828666	9.115324	0.070983
67099.448666	0.836004	-284.667969	-43.359375
67099.450668	0.832373	9.156098	0.061588
67100.499200	0.602240	-121.875000	414.941406
67100.501201	0.836468	-121.875000	414.941406
67100.503201	0.832896	9.161851	0.071642
67101.535273	0.548783	-278.027344	-43.945312
67101.537279	0.835301	-278.027344	-43.945312
67101.539282	0.833111	9.164226	0.061344
67102.583709	0.511180	-116.210937	423.925781
67102.585711	0.832032	-116.210937	423.925781
67102.587711	0.833042	-116.210937	423.925781
67102.591712	0.828945	9.118389	0.073186
67103.625749	0.813605	-285.644531	-43.457031
67103.629749	0.830565	-285.644531	-43.457031
67103.631751	0.828863	9.117495	0.097573
67104.669804	0.769428	-117.382812	421.386719
67104.671805	0.834134	-117.382812	421.386719
67104.673804	0.831273	9.144002	0.071057
67105.717862	0.831756	-285.058594	-44.238281
67105.719867	0.829687	9.126552	0.058687
67106.757895	0.605186	-115.722656	423.730469
67106.759896	0.835816	-115.722656	423.730469
67106.761897	0.832211	9.154317	0.068989
67107.799884	0.830777	-286.132812	-43.652344
67107.801885	0.832997	-286.132812	-43.652344
67107.803885	0.830510	9.135610	0.062046
67108.843892	0.799236	-115.429687	424.218750
67108.845893	0.833574	-115.429687	424.218750
67108.847893	0.830866	9.139526	0.066945
67109.887912	0.741150	-274.804687	-45.117187
67109.889915	0.833560	-274.804687	-45.117187
67109.891915	0.830458	9.135034	0.059498
67110.929907	0.836820	-119.531250	416.796875
67110.931909	0.833228	-119.531250	416.796875
67110.933907	0.831265	9.143913	0.071275
67111.972833	0.750272	-279.394531	-44.921875
67111.974833	0.834276	-279.394531	-44.921875
67111.976833	0.831267	9.143940	0.060218
67113.016839	0.660854	-112.695312	427.148437
67113.018839	0.836278	-112.695312	427.148437
67113.020838	0.832823	9.161053	0.069496
67114.057346	0.689594	-286.035156	-44.140625
67114.061348	0.832340	-286.035156	-44.140625
67114.063348	0.830279	9.133065	0.061612
67115.101359	0.584363	-117.480469	420.312500
67115.103362	0.837157	-117.480469	420.312500
67115.105360	0.833751	9.171263	0.071809
67116.147340	0.822697	-273.632812	-45.312500
67116.149341	0.833841	-273.632812	-45.312500
67116.151342	0.831370	9.145074	0.194566
67117.191363	0.779333	-115.234375	423.242187
67117.193365	0.833996	-115.234375	423.242187
67117.195365	0.831168	9.142850	0.070261
67118.231456	0.831764	-282.617187	-44.531250
67118.233457	0.829793	9.127722	0.058489
67119.278052	0.834866	-122.460937	412.695312
67119.280055	0.831968	9.151650	0.071504
67120.312586	0.788793	-275.292969	-45.214844
67120.314589	0.834711	-275.292969	-45.214844
67120.316588	0.832042	9.152456	0.061353
67121.366660	0.835457	-122.070312	412.988281
67121.368664	0.832249	9.154735	0.072860
67122.398708	0.836534	-279.296875	-45.019531
67122.400712	0.833007	-279.296875	-45.019531
67122.402712	0.830889	9.139774	0.062679
67123.452774	1.944471	-124.609375	409.570312
67123.454777	0.830224	-124.609375	409.570312
67123.456777	0.833379	-124.609375	409.570312
67123.458776	0.831033	9.141361	0.073694
67124.481353	0.619160	-278.320312	-44.824219
67124.483352	0.836557	-278.320312	-44.824219
67124.485353	0.832916	9.162081	0.062172
67125.543395	0.809960	-127.441406	405.273437
67125.545396	0.833741	-127.441406	405.273437
67125.547397	0.831121	9.142326	0.070759
67126.566346	0.649633	-275.878906	-45.410156
67126.570347	0.832649	-275.878906	-45.410156
67126.572350	0.830442	9.134865	0.062356
67127.628355	0.818204	-128.027344	404.882812
67127.630356	0.820303	-128.027344	404.882812
67127.632358	0.832378	9.156161	0.072721
67128.654926	0.557462	-274.218750	-45.800781
67128.656928	0.836245	-274.218750	-45.800781
67128.658929	0.833683	9.170518	0.060266
67129.716999	0.787570	-129.589844	402.539062
67129.718999	0.834353	-129.589844	402.539062
67129.721001	0.831592	9.147511	0.071806
67130.739900	0.585279	-273.339844	-46.191406
67130.741901	0.837296	-273.339844	-46.191406
67130.743902	0.833872	9.172591	0.061235
67131.805963	0.789332	-123.632812	410.546875
67131.807966	0.834770	-123.632812	410.546875
67131.809964	0.832068	9.152749	0.070614
67132.828004	0.832995	-268.750000	-46.484375
67132.830005	0.830241	9.132649	0.061414
67133.890484	0.743428	-123.437500	410.644531
67133.892487	0.834554	-123.437500	410.644531
67133.896486	0.829525	9.124780	0.072056
67134.912515	0.836469	-278.613281	-45.996094
67134.914516	0.833560	9.169162	0.061241
67135.975085	0.698027	-127.636719	404.296875
67135.977088	0.835928	-127.636719	404.296875
67135.979086	0.832608	9.158687	0.072045
67137.001076	0.835690	-269.921875	-46.484375
67137.003080	0.832440	-269.921875	-46.484375
67137.005078	0.830333	9.133659	0.063311
67138.061109	0.829583	-121.972656	411.718750
67138.063112	0.832403	-121.972656	411.718750
67138.065111	0.829856	9.128413	0.341173
67139.085157	0.832341	-279.589844	-45.410156
67139.087159	0.833580	-279.589844	-45.410156
67139.089161	0.831249	9.143736	0.065594
67140.149190	0.746359	-124.609375	407.324219
67140.151192	0.835080	-124.609375	407.324219
67140.153192	0.832091	9.153006	0.071115
67141.173673	0.804292	-274.218750	-45.507812
67141.175674	0.833423	-274.218750	-45.507812
67141.177676	0.830717	9.137887	0.060778
67142.235728	0.835277	-124.316406	407.519531
67142.237730	0.831923	9.151154	0.069961
67143.262307	0.767457	-278.710937	-45.703125
67143.264309	0.834410	-278.710937	-45.703125
67143.266309	0.831480	9.146279	0.061568
67144.319244	0.788582	-123.242187	408.105469
67144.321243	0.833542	-123.242187	408.105469
67144.323243	0.830727	9.137994	0.068998
67145.353319	0.834196	-267.480469	-46.972656
67145.355320	0.831382	9.145207	0.059289
67146.403301	0.657758	-119.042969	413.378906
67146.405303	0.836654	-119.042969	413.378906
67146.407304	0.833132	9.164447	0.071058
67147.439338	0.597655	-276.660156	-46.191406
67147.441342	0.836730	-276.660156	-46.191406
67147.443345	0.833210	9.165307	0.062823
67148.483915	0.621496	-119.824219	411.621094
67148.485914	0.836563	-119.824219	411.621094
67148.487915	0.832995	9.162950	0.075309
67149.527977	0.832828	-279.492187	-45.605469
67149.529979	0.830375	9.134121	0.061734
67150.576056	0.835417	-118.847656	412.890625
67150.578059	0.832867	9.161541	0.073024
67151.614631	0.823174	-273.046875	-46.875000
67151.616633	0.833505	-273.046875	-46.875000
67151.618631	0.830989	9.140882	0.209153
67152.658765	0.796165	-113.867187	418.359375
67152.660765	0.833974	-113.867187	418.359375
67152.662766	0.831310	9.144410	0.071324
67153.702820	0.740790	-270.312500	-47.558594
67153.704821	0.834266	-270.312500	-47.558594
67153.706822	0.831228	9.143505	0.060822
67154.742872	0.682326	-120.703125	409.472656
67154.744874	0.836705	-120.703125	409.472656
67154.746874	0.833252	9.165768	0.071703
67155.786916	0.582483	-275.390625	-47.460937
67155.788920	0.836550	-275.390625	-47.460937
67155.790917	0.833171	9.164882	0.061445
67156.830952	0.833212	-121.582031	408.398437
67156.832954	0.830777	9.138543	0.073764
67157.871855	0.601397	-274.609375	-47.656250
67157.873859	0.836531	-274.609375	-47.656250
67157.875857	0.832966	9.162630	0.063356
67158.917903	0.828974	-115.234375	415.722656
67158.919905	0.833721	-115.234375	415.722656
67158.921905	0.831348	9.144826	0.073151
67159.963966	0.833814	-269.140625	-47.753906
67159.965968	0.831116	-269.140625	-47.753906
67159.967969	0.829277	9.122050	0.063193
67161.004030	0.834790	-121.093750	408.300781
67161.006032	0.834662	9.181277	0.072500
67162.046727	0.789722	-272.753906	-47.656250
67162.048729	0.834379	-272.753906	-47.656250
67162.050729	0.831633	9.147964	0.061155
67163.090761	0.725140	-116.308594	413.476562
67163.092765	0.834778	-116.308594	413.476562
67163.094767	0.831771	9.149479	0.074369
67164.132813	0.835640	-275.878906	-47.460937
67164.134817	0.832057	9.152625	0.060507
67165.179759	0.731143	-119.335937	409.179687
67165.181759	0.834899	-119.335937	409.179687
67165.185758	0.829741	9.127146	0.071923
67166.217745	0.835462	-273.828125	-47.363281
67166.221745	0.830003	9.130034	0.062869
67167.268284	0.645534	-123.730469	403.125000
67167.270287	0.837091	-123.730469	403.125000
67167.272286	0.833450	9.167948	0.072691
67168.300324	0.610730	-276.757812	-46.777344
67168.302325	0.835671	-276.757812	-46.777344
67168.306324	0.829645	9.126091	0.061700
67169.354385	0.821853	-118.457031	410.156250
67169.356386	0.833261	-118.457031	410.156250
67169.360384	0.829006	9.119063	0.216004
67170.386451	0.813597	-268.750000	-48.144531
67170.388453	0.833602	-268.750000	-48.144531
67170.390453	0.830980	9.140784	0.095901
67171.442478	0.720684	-127.539062	398.339844
67171.444480	0.834594	-127.539062	398.339844
67171.446479	0.834465	9.179114	0.074582
67172.473481	0.832996	-273.535156	-48.632812
67172.475485	0.830507	9.135573	0.064324
67173.532050	0.801916	-123.730469	402.734375
67173.534053	0.833382	-123.730469	402.734375
67173.536052	0.830653	9.137177	0.071711
67174.558158	0.833250	-265.625000	-50.097656
67174.560160	0.830620	9.136824	0.064075
67175.616655	0.774578	-122.265625	403.710937
67175.618660	0.834287	-122.265625	403.710937
67175.620658	0.831475	9.146227	0.075232
67176.640671	0.776392	-266.992187	-50.781250
67176.642675	0.833755	-266.992187	-50.781250
67176.644672	0.830922	9.140139	0.064988
67177.704743	0.614158	-124.218750	401.757812
67177.706744	0.836386	-124.218750	401.757812
67177.708746	0.832771	9.160485	0.072351
67178.728797	0.626898	-274.414062	-48.828125
67178.730799	0.835655	-274.414062	-48.828125
67178.734797	0.829683	9.126516	0.061591
67179.790840	0.811267	-125.195312	400.097656
67179.792840	0.813992	-125.195312	400.097656
67179.794839	0.831015	9.141167	0.094236
67180.818857	0.831420	-262.890625	-49.707031
67180.820859	0.829643	9.126073	0.107888
67181.876889	0.835330	-130.175781	393.554687
67181.878890	0.831971	9.151676	0.074112
67182.898887	0.703865	-270.019531	-49.218750
67182.900890	0.834827	-270.019531	-49.218750
67182.902898	0.831571	9.147281	0.063832
67183.964985	0.830297	-122.949219	400.976562
67183.966986	0.832858	-122.949219	400.976562
67183.968989	0.830374	9.134111	0.074593
67184.987006	0.505395	-274.902344	-48.925781
67184.989008	0.830872	-274.902344	-48.925781
67184.991007	0.832527	-274.902344	-48.925781
67184.993008	0.830050	9.130548	0.066908
67186.051040	0.762700	-122.656250	401.074219
67186.053041	0.831814	9.149958	0.071166
67187.077085	0.751106	-266.406250	-49.804687
67187.079087	0.834678	-266.406250	-49.804687
67187.081089	0.831730	9.149035	0.063459
67188.133196	0.622514	-125.292969	398.046875
67188.135195	0.836467	-125.292969	398.046875
67188.137196	0.832754	9.160299	0.074536
67189.166174	0.767259	-272.460937	-49.218750
67189.168178	0.833946	-272.460937	-49.218750
67189.170176	0.831030	9.141335	0.061295
67190.221132	0.835752	-116.406250	406.347656
67190.223135	0.833124	9.164358	0.072492
67191.251222	0.788924	-267.871094	-49.804687
67191.255222	0.830103	-267.871094	-49.804687
67191.257224	0.828328	9.111610	0.065345
67192.303279	0.696861	-116.894531	405.761719
67192.305282	0.835735	-116.894531	405.761719
67192.307282	0.832608	9.158687	0.073123
67193.339323	0.646379	-272.851562	-49.121094
67193.341327	0.836270	-272.851562	-49.121094
67193.343327	0.832689	9.159581	0.067100
67194.390286	0.834637	-116.992187	406.933594
67194.392287	0.831490	-116.992187	406.933594
67194.394287	0.829463	9.124088	0.073216
67195.430310	0.836768	-263.769531	-50.585937
67195.432311	0.833220	9.165422	0.061061
67196.474331	0.836221	-113.964844	410.644531
67196.476334	0.834581	-113.964844	410.644531
67196.478334	0.832471	9.157180	0.076406
67197.518808	0.834488	-262.792969	-50.683594
67197.520810	0.832903	-262.792969	-50.683594
67197.522809	0.830567	9.136238	0.062301
67198.559360	0.835258	-120.996094	403.222656
67198.563358	0.829620	9.125825	0.073559
67199.602332	0.692978	-270.214844	-49.609375
67199.604333	0.835810	-270.214844	-49.609375
67199.606333	0.832493	9.157429	0.066583
67200.646338	0.832390	-112.988281	412.890625
67200.648341	0.830146	9.131603	0.072473
67201.692404	0.826977	-265.234375	-50.585937
67201.694405	0.832607	-265.234375	-50.585937
67201.696407	0.832502	9.157516	0.283414
67202.732473	0.806806	-120.019531	403.222656
67202.734476	0.833757	-120.019531	403.222656
67202.736475	0.831059	9.141644	0.073309
67203.778929	0.834488	-268.457031	-50.683594
67203.780931	0.831838	9.150214	0.062716
67204.817528	0.819790	-115.722656	407.031250
67204.819531	0.832795	-115.722656	407.031250
67204.821530	0.830272	9.132995	0.193772
67205.861583	0.782569	-263.671875	-50.976562
67205.863586	0.835002	-263.671875	-50.976562
67205.865585	0.832370	9.156073	0.064561
67206.905632	0.719552	-114.062500	407.812500
67206.907634	0.834747	-114.062500	407.812500
67206.909634	0.831591	9.147503	0.072765
67207.945761	0.670173	-272.558594	-50.097656
67207.947762	0.836380	-272.558594	-50.097656
67207.949761	0.832921	9.162134	0.064974
67208.989801	0.566419	-120.214844	401.171875
67208.991804	0.835214	-120.214844	401.171875
67208.993804	0.832269	9.154956	0.076687
67210.031913	0.830122	-270.703125	-50.000000
67210.033916	0.833282	-270.703125	-50.000000
67210.035916	0.830884	9.139721	0.065095
