num crossings	time (s)	maj axis (mm)	min axis (mm)	theta (rad )	slope (V/s)
10043	88466.518361	40.472400	10.264759	3.933364	2.721225
10045	88468.582332	38.566723	10.649612	3.939183	5.652612
10047	88470.671943	43.330601	12.601198	3.977919	3.130189
10049	88472.746548	40.003685	10.487370	3.936780	5.287851
10051	88474.827537	37.466990	9.296666	3.918376	5.518713
10053	88476.908111	43.257541	12.654431	3.980382	4.057731
10055	88478.979200	37.602173	10.587965	3.897348	4.965686
10057	88481.061695	40.783506	10.375391	3.939607	4.228989
10059	88483.127641	40.333494	10.485187	3.936192	4.550940
10061	88485.198673	40.312435	10.483516	3.934902	5.132587
10063	88487.280736	38.498130	9.845462	3.906181	4.301609
10065	88489.353421	46.170513	10.534849	3.892512	4.353121
10067	88491.424197	43.221407	12.511675	3.983463	5.032358
10069	88493.506424	40.073752	10.350403	3.941382	4.789246
10071	88495.588575	37.987911	11.128816	3.909198	3.418291
10073	88497.659778	45.170592	10.509552	3.905936	4.869789
10075	88499.741249	43.463357	12.469145	3.987634	4.994388
10077	88501.819132	37.723039	10.612588	3.906442	4.371404
10079	88503.892267	38.487138	10.408882	3.947520	4.263522
10081	88505.966884	45.699354	10.829467	3.903630	4.147860
10083	88508.032773	45.914139	10.840902	3.911198	4.708898
10085	88510.104128	45.175329	10.708384	3.914152	4.882291
10087	88512.185859	40.790905	10.182873	3.953178	4.295268
10089	88514.262623	38.547714	10.191693	3.954691	4.591048
10091	88516.339746	45.480850	12.465968	3.993630	3.860839
10093	88518.421133	38.777106	10.283312	3.953282	4.551132
10095	88520.497417	45.626385	10.523520	3.906866	5.018024
10097	88522.577840	45.352045	10.588322	3.903555	4.728950
10099	88524.652497	45.721352	10.471754	3.917371	4.323550
10101	88526.727759	42.860862	12.446422	3.990298	4.563743
10103	88528.803660	40.283872	10.501628	3.927795	4.720778
10105	88530.878688	39.129480	10.348065	3.961126	4.334064
10107	88532.953679	45.516738	12.403556	3.996026	4.449957
10109	88535.028549	40.357733	10.365247	3.928651	4.765988
10111	88537.101619	39.423775	10.279372	3.956926	4.111165
10113	88539.172597	45.462515	10.838627	3.916089	4.674439
10115	88541.245592	41.127401	10.062881	3.951529	4.610344
10117	88543.318807	40.660714	10.275123	3.945478	4.162144
10119	88545.391895	39.569722	10.366062	3.905140	4.787920
10121	88547.473865	37.799845	10.731911	3.922103	4.394960
10123	88549.552429	45.765487	10.873583	3.919682	4.691488
10125	88551.632915	45.888818	10.681299	3.919209	5.049799
10127	88553.713470	45.503023	10.764531	3.918915	4.501554
10129	88555.787987	38.661944	10.028371	3.964037	4.726917
10131	88557.864642	38.836638	10.119059	3.963262	4.540624
10133	88559.938926	44.647975	12.373498	4.002383	4.378493
10135	88562.012854	39.459861	10.256633	3.962066	4.836670
10137	88564.090370	45.905101	10.486120	3.919367	4.569540
10139	88566.165006	46.545145	10.625445	3.923916	4.225136
10141	88568.241506	38.781569	10.079215	3.961135	4.921648
10143	88570.318367	45.871186	10.728636	3.922375	4.683139
10145	88572.395167	38.901246	10.131102	3.963973	4.698684
10147	88574.466397	43.010763	12.444597	3.998164	4.596578
10149	88576.539870	40.091112	10.574763	3.929231	4.899782
10151	88578.609332	41.233640	10.296641	3.961984	4.879044
10153	88580.683749	39.805291	10.154545	3.969443	4.652067
10155	88582.758713	46.242297	10.421744	3.931016	4.554660
10157	88584.835777	46.205353	10.523859	3.926955	4.558183
10159	88586.915023	41.210338	10.071629	3.964837	4.572634
10161	88588.993081	40.835493	10.263776	3.960591	4.888164
10163	88591.071940	39.609202	12.784214	3.906015	4.534752
10165	88593.149189	46.595153	12.279754	4.010198	4.397111
10167	88595.223507	39.402323	10.281653	3.975301	4.839980
10169	88597.301626	45.917602	10.679859	3.926785	4.679780
10171	88599.376661	45.105862	12.374190	4.012951	4.702889
10173	88601.451200	38.218633	10.821242	3.919930	4.626437
10175	88603.524556	38.849323	10.086745	3.968847	4.763174
10177	88605.598178	41.511326	10.043919	3.966174	4.526918
10179	88607.669620	39.382300	10.342911	3.973120	4.631275
10181	88609.743912	44.748277	12.256770	4.012655	4.700936
10183	88611.820364	41.043622	10.279000	3.963696	4.610135
10185	88613.897434	39.649229	10.293242	3.974988	4.995199
10187	88615.979725	46.407376	10.696471	3.930808	4.544070
10189	88618.058584	46.798291	10.970846	3.929371	4.835905
10191	88620.137004	45.702621	12.243169	4.006283	5.044759
10193	88622.215514	40.919456	10.603332	3.956460	4.739522
10195	88624.290778	40.875467	10.582036	3.953951	4.792408
10197	88626.366078	40.701011	10.670817	3.953500	4.631513
10199	88628.440961	41.317828	10.215046	3.971913	4.567357
10201	88630.518065	41.078391	10.262507	3.948788	4.766273
10203	88632.593829	39.567887	7.860338	3.957022	4.740935
10205	88634.669765	43.962660	12.322712	4.013852	4.601358
10207	88636.743708	41.417138	10.312729	3.972199	4.545445
10209	88638.817090	41.380949	10.314984	3.975832	4.686374
10211	88640.888664	39.751600	10.497696	3.944702	4.993399
10213	88642.961276	40.222623	10.884331	3.951732	4.686313
10215	88645.032769	41.242360	10.263658	3.983994	4.840644
10217	88647.109910	36.378705	9.965876	3.938210	4.632102
10219	88649.186272	46.462928	10.685787	3.942356	4.804097
10221	88651.263281	45.175788	12.350449	4.023728	4.789464
10223	88653.342161	39.762120	10.208680	3.980995	4.814015
10225	88655.419495	38.896342	9.762369	3.971222	4.712314
10227	88657.497620	46.091132	10.800265	3.952605	4.824475
10229	88659.573344	44.889950	12.308213	4.025518	4.857085
10231	88661.648081	40.340018	10.913385	3.957872	4.636790
10233	88663.723406	40.047898	10.247661	3.985121	4.715170
10235	88665.795134	41.802223	10.031326	3.981977	4.591825
10237	88667.869721	40.715171	10.512734	3.947298	4.710217
10239	88669.943783	40.029944	10.345552	3.988092	4.678057
10241	88672.018537	41.743203	9.938758	3.984807	4.845126
10243	88674.095883	38.340271	11.291732	3.946865	4.829207
10245	88676.174690	46.872020	10.866465	3.954402	4.754449
10247	88678.253021	39.292795	9.784989	3.983581	4.918691
10249	88680.333442	46.918786	10.775788	3.953119	4.898776
10251	88682.412689	47.089808	10.926955	3.949116	4.918197
10253	88684.488647	45.297600	12.524479	4.028537	4.886359
10255	88686.565941	40.339692	10.315297	3.998399	4.589820
10257	88688.641515	39.519293	10.015444	3.992900	5.024687
10259	88690.717490	42.043190	10.079301	3.991008	4.720215
10261	88692.793012	38.931926	9.490415	3.968082	4.789062
10263	88694.866379	43.312189	12.376251	4.020933	5.035529
10265	88696.941328	40.750384	10.629197	3.961985	4.912878
10267	88699.012956	40.450256	10.383691	4.000622	4.871348
10269	88701.086345	39.227206	9.825697	3.987589	4.919986
10271	88703.159367	46.970831	10.943642	3.957780	4.969024
10273	88705.233165	46.414547	10.943737	3.960857	4.562385
10275	88707.308133	46.987095	10.892695	3.957301	4.847239
10277	88709.386056	44.700761	12.534844	4.037392	4.861043
10279	88711.463192	41.477055	10.328765	3.992192	4.692429
10281	88713.540399	39.897661	10.307394	3.999173	4.839588
10283	88715.616895	46.618275	10.877122	3.959694	4.689359
10285	88717.694127	44.550707	12.467297	4.038006	4.701355
10287	88719.768151	41.596610	10.399236	3.992901	4.672593
10289	88721.842914	39.626914	10.421187	4.005787	4.544938
10291	88723.918207	38.872288	9.921346	3.989368	4.659176
10293	88725.991093	46.676826	10.813256	3.964669	4.727387
10295	88728.066811	46.729608	11.038637	3.959698	4.698259
10297	88730.141736	46.427048	10.828790	3.969382	4.792737
10299	88732.217509	47.201890	11.027548	3.965274	4.589547
10301	88734.299234	45.162318	12.396477	4.038488	4.781477
10303	88736.376745	39.360773	9.411212	3.994573	4.916729
10305	88738.455338	44.960893	12.536013	4.038498	4.754698
10307	88740.534471	41.422554	10.394892	4.003737	4.913658
10309	88742.612185	40.982981	10.923173	3.983340	4.985608
10311	88744.688186	41.338682	10.744424	3.980975	4.970488
10313	88746.763874	40.118293	10.452956	4.017532	4.830695
10315	88748.838302	39.527697	10.164515	4.006444	4.808588
10317	88750.915108	39.871832	10.101536	4.005916	4.979640
10319	88752.989020	47.139549	11.367949	3.969841	4.906208
10321	88755.062722	45.186413	12.527038	4.045874	4.660229
10323	88757.134403	38.808886	9.978155	3.988000	4.782526
10325	88759.207555	39.906972	9.879638	4.006657	4.637267
10327	88761.281041	42.310473	10.356965	4.010907	4.670320
10329	88763.356301	39.523583	12.320561	3.965372	4.899460
10331	88765.432039	46.243088	11.245131	3.979185	4.833222
10333	88767.507786	46.519708	12.599629	4.049793	4.542855
10335	88769.586187	38.852753	12.205156	3.971548	4.759164
10337	88771.661874	47.084254	11.080130	3.978664	4.681035
