time (s)	energy (uJ)	charge (mC)	voltage (mV)	crossing#mod 255
6800.878032	10.429484	0.003817	2.732337	237
6801.904655	11.132102	0.003821	2.913522	238
6802.961189	10.033980	0.003851	2.605576	239
6803.985285	10.837803	0.003854	2.812154	240
6805.033323	10.705321	0.003828	2.796504	241
6806.059402	11.556971	0.003822	3.023716	242
6807.105311	10.600872	0.003824	2.772140	243
6808.139456	10.917417	0.003820	2.858308	244
6809.181459	10.438061	0.003833	2.723253	245
6810.219580	11.183524	0.003827	2.922025	246
6811.255607	11.216638	0.003822	2.934973	247
6812.295547	10.273947	0.003818	2.691264	248
6813.337664	11.404968	0.003829	2.978705	249
6814.368224	10.199374	0.003815	2.673672	250
6815.418780	11.289655	0.003840	2.940203	251
6816.440708	11.209961	0.003850	2.911887	252
6817.494938	10.529696	0.003834	2.746259	253
6818.525330	11.320190	0.003819	2.964041	254
6819.561553	11.369563	0.003821	2.975760	255
6820.601557	10.098498	0.003819	2.644366	0
6821.645600	11.791140	0.003826	3.081653	1
6822.667612	11.465703	0.003816	3.004407	2
6823.724662	10.437183	0.003827	2.727022	3
6824.754671	11.807224	0.003824	3.087610	4
6825.791153	11.717495	0.003819	3.068262	5
6826.831024	11.009389	0.003819	2.882675	6
6827.875837	11.057270	0.003813	2.899869	7
6828.903841	10.648679	0.003831	2.779778	8
6829.955845	11.277276	0.003820	2.951818	9
6830.977652	11.663127	0.003815	3.057360	10
6832.027929	10.283556	0.003821	2.691301	11
6833.062892	11.366332	0.003836	2.962805	12
6834.099585	11.877055	0.003817	3.111357	13
6835.142969	10.477458	0.003824	2.740235	14
6836.179681	11.244504	0.003812	2.949898	15
6837.212928	10.042285	0.003814	2.633043	16
6838.259056	11.851270	0.003827	3.097103	17
6839.285595	10.833813	0.003815	2.839708	18
6840.339746	11.169640	0.003822	2.922614	19
6841.361687	10.998958	0.003826	2.874634	20
6842.417768	10.847131	0.003811	2.846273	21
6843.440312	10.867720	0.003824	2.842184	22
6844.492348	11.066866	0.003825	2.893656	23
6845.516363	11.255567	0.003822	2.944565	24
6846.572410	10.693234	0.003825	2.795858	25
6847.590871	11.190149	0.003822	2.927444	26
6848.647006	11.079589	0.003819	2.901413	27
6849.669522	10.932294	0.003821	2.861234	28
6850.723386	11.200622	0.003817	2.934374	29
6851.747420	10.780162	0.003818	2.823349	30
6852.797722	11.495354	0.003831	3.000623	31
6853.827723	10.454493	0.003824	2.733614	32
6854.868056	11.884566	0.003820	3.111180	33
6855.910281	10.561431	0.003816	2.767322	34
6856.944954	11.081767	0.003829	2.893864	35
6857.985499	11.320772	0.003824	2.960669	36
6859.024452	10.450056	0.003822	2.734336	37
6860.056097	11.866824	0.003821	3.105289	38
6861.107047	10.841369	0.003841	2.822725	39
6862.129089	11.191841	0.003834	2.919048	40
6863.183664	11.383047	0.003833	2.969934	41
6864.213706	10.360749	0.003825	2.708820	42
6865.250394	12.131503	0.003818	3.177114	43
6866.292660	11.086246	0.003819	2.902792	44
6867.326156	11.216831	0.003813	2.941927	45
6868.366665	11.757769	0.003824	3.075011	46
6869.410202	10.390499	0.003819	2.720797	47
6870.434754	11.871600	0.003821	3.107252	48
6871.490667	11.335266	0.003820	2.967258	49
6872.518975	10.318403	0.003824	2.698361	50
6873.565048	11.406716	0.003805	2.998134	51
6874.597612	10.703931	0.003824	2.799005	52
6875.634571	11.718038	0.003837	3.053890	53
6876.678499	10.874561	0.003818	2.848317	54
6877.710417	11.386863	0.003814	2.985822	55
6878.754645	11.143946	0.003819	2.917819	56
6879.789215	10.672825	0.003829	2.787390	57
6880.826946	11.718500	0.003813	3.073404	58
6881.873310	10.336128	0.003825	2.702101	59
6882.899279	12.032662	0.003822	3.148605	60
6883.947402	10.848049	0.003828	2.833920	61
6884.977487	11.559558	0.003813	3.031422	62
6886.029503	10.346925	0.003815	2.712395	63
6887.053477	11.649682	0.003842	3.032217	64
6888.103495	10.832092	0.003823	2.833274	65
6889.131514	11.544728	0.003830	3.013902	66
6890.178079	10.720627	0.003835	2.795326	67
6891.207761	12.012630	0.003819	3.145544	68
6892.253922	10.678796	0.003823	2.793566	69
6893.289798	11.467970	0.003812	3.008460	70
6894.326103	11.135144	0.003834	2.904361	71
6895.367100	11.425776	0.003821	2.989877	72
6896.401689	11.221365	0.003827	2.932279	73
6897.443716	11.205421	0.003817	2.935748	74
6898.479861	11.720329	0.003830	3.059830	75
6899.516342	11.005082	0.003818	2.882531	76
6900.558938	11.975973	0.003814	3.140340	77
6901.590974	10.863427	0.003836	2.831912	78
6902.642979	11.230113	0.003822	2.938110	79
6903.665039	11.450500	0.003818	2.999393	80
6904.717101	11.042482	0.003825	2.886906	81
6905.747118	11.729946	0.003818	3.072064	82
6906.789158	11.205367	0.003826	2.928675	83
6907.827203	11.639814	0.003839	3.032250	84
6908.861308	11.525799	0.003834	3.006248	85
6909.903304	11.341583	0.003818	2.970704	86
6910.941425	11.845409	0.003821	3.099937	87
6911.975904	10.925710	0.003810	2.867325	88
6913.022073	11.831766	0.003845	3.076935	89
6914.048600	11.736073	0.003825	3.067894	90
6915.102710	11.302332	0.003827	2.953430	91
6916.123665	11.840011	0.003814	3.104608	92
6917.176225	11.294157	0.003821	2.955654	93
6918.204205	11.823066	0.003819	3.095741	94
6919.254331	10.623038	0.003815	2.784201	95
6920.284339	11.917973	0.003819	3.120881	96
6921.326890	10.888173	0.003835	2.839268	97
6922.363515	11.802104	0.003845	3.069468	98
6923.401443	10.805091	0.003807	2.837941	99
6924.441628	11.591474	0.003820	3.034200	100
6925.480151	10.647381	0.003809	2.795282	101
6926.518677	11.585400	0.003822	3.031548	102
6927.552691	11.230142	0.003819	2.940920	103
6928.594798	11.830089	0.003834	3.085209	104
6929.631758	10.982081	0.003814	2.879367	105
6930.668258	12.106863	0.003814	3.174470	106
6931.710303	11.127762	0.003816	2.916011	107
6932.742316	12.133002	0.003827	3.170369	108
6933.794391	10.627779	0.003830	2.774534	109
6934.814341	12.320544	0.003822	3.223405	110
6935.870439	11.218637	0.003828	2.931050	111
6936.893014	11.529951	0.003827	3.012575	112
6937.947481	12.020480	0.003810	3.154870	113
6938.973571	10.770439	0.003823	2.817474	114
6940.018137	12.196436	0.003871	3.151072	115
6941.054725	10.692515	0.003821	2.797998	116
6942.091674	11.921654	0.003822	3.118841	117
6943.132211	11.287542	0.003813	2.960624	118
6944.166294	12.151770	0.003819	3.181838	119
6945.210846	11.502627	0.003825	3.006919	120
6946.242689	11.540476	0.003830	3.013189	121
6947.280846	12.181251	0.003812	3.195920	122
6948.327486	10.904770	0.003828	2.848982	123
6949.353491	12.085999	0.003825	3.159967	124
6950.407270	11.199665	0.003816	2.935153	125
6951.433606	10.941394	0.003809	2.872363	126
6952.481880	11.773651	0.003817	3.084241	127
6953.507772	11.074764	0.003809	2.907653	128
6954.556196	12.158379	0.003823	3.180461	129
6955.588043	10.863788	0.003815	2.847822	130
6956.632323	12.101804	0.003834	3.156785	131
6957.670348	10.301960	0.003816	2.699379	132
6958.706252	12.139558	0.003817	3.180751	133
6959.744453	11.033085	0.003819	2.888853	134
6960.782548	12.035213	0.003835	3.138175	135
6961.824639	10.611984	0.003822	2.776674	136
6962.861556	11.795312	0.003827	3.082151	137
6963.899606	10.815085	0.003837	2.818691	138
6964.935663	12.035219	0.003821	3.150027	139
6965.977730	10.514492	0.003825	2.749080	140
6967.015790	11.904404	0.003831	3.107139	141
6968.050371	10.789952	0.003846	2.805415	142
6969.092940	12.038095	0.003821	3.150165	143
6970.123883	10.845784	0.003818	2.840410	144
6971.171960	11.961864	0.003819	3.132367	145
6972.198417	10.896356	0.003818	2.853615	146
6973.250622	11.889034	0.003819	3.113354	147
6974.273188	11.325848	0.003822	2.963473	148
6975.327144	11.611621	0.003812	3.045960	149
6976.351805	11.487586	0.003820	3.007285	150
6977.402317	11.279822	0.003821	2.952293	151
6978.430928	11.806144	0.003821	3.089425	152
6979.477893	10.817626	0.003856	2.805132	153
6980.512469	11.552577	0.003816	3.027509	154
6981.551062	10.960562	0.003814	2.873725	155
6982.591644	11.223399	0.003818	2.939632	156
6983.624253	11.834976	0.003819	3.099097	157
6984.666520	11.240139	0.003803	2.955246	158
6985.702635	12.221290	0.003828	3.192758	159
6986.742059	10.781517	0.003811	2.828819	160
6987.780697	12.270744	0.003821	3.211604	161
6988.814727	10.926087	0.003818	2.861640	162
6989.862857	11.804776	0.003825	3.086533	163
6990.889421	11.010020	0.003834	2.872004	164
6991.939378	11.889736	0.003816	3.116119	165
6992.965501	11.140213	0.003821	2.915719	166
6994.017880	11.575793	0.003825	3.026143	167
6995.039997	11.702294	0.003826	3.058561	168
6996.096179	11.157757	0.003835	2.909472	169
6997.120170	11.561319	0.003830	3.018890	170
6998.170701	11.269510	0.003832	2.940740	171
6999.198782	11.344565	0.003818	2.971657	172
7000.249348	11.033401	0.003825	2.884238	173
7001.273307	11.766861	0.003824	3.076876	174
7002.323326	11.304051	0.003820	2.959197	175
7003.351391	11.562702	0.003816	3.029824	176
7004.399429	11.380586	0.003819	2.979868	177
7005.425247	11.969953	0.003817	3.135803	178
7006.481595	10.787809	0.003812	2.830233	179
7007.501608	12.042133	0.003872	3.109925	180
7008.555627	11.130502	0.003821	2.913191	181
7009.578184	11.558127	0.003835	3.013531	182
7010.632154	11.723462	0.003823	3.066892	183
7011.656192	11.009049	0.003831	2.873950	184
7012.710748	11.644979	0.003834	3.037340	185
7013.730711	11.234020	0.003819	2.941970	186
7014.784750	12.171892	0.003824	3.183125	187
7015.810714	10.778101	0.003815	2.825170	188
7016.860826	12.131937	0.003826	3.171265	189
7017.892932	10.391706	0.003824	2.717638	190
7018.933478	12.051130	0.003824	3.151128	191
7019.971563	10.592143	0.003835	2.762303	192
7021.008034	11.999271	0.003822	3.139183	193
7022.050930	10.625658	0.003816	2.784312	194
7023.083080	11.508306	0.003850	2.989041	195
7024.125192	11.385754	0.003836	2.968197	196
7025.161863	11.396422	0.003846	2.963399	197
7026.198690	11.740205	0.003837	3.059533	198
7027.244711	11.046623	0.003838	2.878391	199
7028.269211	12.027270	0.003810	3.156806	200
7029.323827	11.026504	0.003836	2.874722	201
7030.343824	11.928967	0.003820	3.123072	202
7031.401925	11.376575	0.003824	2.974842	203
7032.421933	10.984996	0.003821	2.874681	204
7033.477892	11.593788	0.003816	3.037871	205
7034.496873	11.210505	0.003819	2.935825	206
7035.555042	11.891123	0.003839	3.097432	207
7036.574989	10.973009	0.003820	2.872869	208
7037.629965	11.933331	0.003796	3.143857	209
7038.651967	10.878506	0.003825	2.843898	210
7039.708037	11.729048	0.003819	3.071458	211
7040.731012	10.624732	0.003827	2.775909	212
7041.783025	12.167643	0.003843	3.166296	213
7042.807059	10.607841	0.003841	2.761986	214
7043.861131	11.688405	0.003820	3.059899	215
7044.883177	32.575508	0.003877	8.403166	216
7045.939210	11.488399	0.003824	3.004675	217
7046.958053	11.113547	0.003819	2.910076	218
7048.014769	11.542040	0.003819	3.022017	219
7049.034784	14.032631	0.003831	3.662792	220
7050.090709	11.323933	0.003827	2.958938	221
7051.112512	11.707255	0.003813	3.070504	222
7052.164852	11.155398	0.003831	2.911744	223
7053.192701	11.819535	0.003817	3.096829	224
7054.241914	10.942183	0.003827	2.859365	225
7055.275971	11.167925	0.003818	2.924783	226
7056.312526	11.238447	0.003817	2.944606	227
7057.352571	11.130774	0.003819	2.914871	228
7058.387515	11.665698	0.003813	3.059662	229
7059.429593	11.011735	0.003823	2.880142	230
7060.467608	11.555443	0.003817	3.027718	231
7061.508143	10.288427	0.003822	2.691939	232
7062.544137	12.383476	0.003819	3.242870	233
7063.580238	10.175392	0.003825	2.660174	234
7064.622114	12.135954	0.003819	3.177911	235
7065.654297	10.562860	0.003833	2.755641	236
7066.700276	12.132695	0.003817	3.178754	237
7067.730473	10.438598	0.003816	2.735194	238
7068.778459	12.152895	0.003818	3.183366	239
7069.806073	10.624776	0.003815	2.784948	240
7070.856661	11.726694	0.003817	3.071918	241
7071.881171	10.388501	0.003816	2.722599	242
7072.935388	11.795215	0.003840	3.071939	243
7073.957459	10.671003	0.003822	2.791728	244
7075.007455	12.934117	0.003826	3.380390	245
7076.032977	10.656867	0.003816	2.792880	246
7077.087597	11.704103	0.003836	3.051062	247
7078.109542	11.104062	0.003833	2.897145	248
7079.165588	11.587243	0.003832	3.023924	249
7080.189602	10.491089	0.003819	2.747372	250
7081.239595	11.780615	0.003820	3.084175	251
7082.267711	10.608028	0.003815	2.780623	252
7083.315734	11.545814	0.003832	3.013279	253
7084.343787	25.298128	0.003826	6.611918	254
7085.395813	11.406624	0.003811	2.992798	255
7086.420375	10.600588	0.003835	2.764148	0
7087.469139	11.860169	0.003820	3.104519	1
7088.499413	10.151554	0.003826	2.653413	2
7089.545264	11.799930	0.003813	3.094544	3
7090.575425	10.354086	0.003832	2.702344	4
7091.620330	11.976044	0.003816	3.138243	5
7092.654416	10.409652	0.003827	2.720326	6
7093.696418	11.679889	0.003826	3.052691	7
7094.732303	10.316333	0.003817	2.702662	8
7095.772515	11.549963	0.003824	3.020664	9
7096.810528	10.484016	0.003825	2.740966	10
7097.847117	11.500581	0.003824	3.007415	11
7098.887055	11.035534	0.003815	2.892662	12
7099.920984	11.648499	0.003822	3.047805	13
7100.965283	11.015545	0.003830	2.876025	14
7101.999890	20.390285	0.003829	5.324703	15
7103.039932	11.454288	0.003841	2.982054	16
7104.076368	10.954387	0.003835	2.856528	17
7105.116118	11.734428	0.003819	3.072810	18
7106.154636	10.557505	0.003829	2.757355	19
