crossing time (s)	slope (V/s)	crossing number
281474976710655.000000	11.569546	5869	6800872960.000000
281474976710655.000000	11.662853	5870	6801898496.000000
281474976710655.000000	10.979989	5871	6802956800.000000
281474976710655.000000	12.412826	5872	6803980800.000000
281474976710655.000000	13.779819	5873	6805028864.000000
281474976710655.000000	13.288718	5874	6806054400.000000
281474976710655.000000	11.438148	5875	6807101952.000000
281474976710655.000000	12.034963	5876	6808134656.000000
281474976710655.000000	11.858157	5877	6809176576.000000
281474976710655.000000	11.910070	5878	6810213888.000000
281474976710655.000000	11.796142	5879	6811250688.000000
281474976710655.000000	11.143142	5880	6812292096.000000
281474976710655.000000	12.410148	5881	6813332992.000000
281474976710655.000000	11.662744	5882	6814361600.000000
281474976710655.000000	11.934116	5883	6815414272.000000
281474976710655.000000	11.428296	5884	6816436736.000000
281474976710655.000000	11.792009	5885	6817488896.000000
281474976710655.000000	12.421147	5886	6818520064.000000
281474976710655.000000	11.496165	5887	6819557376.000000
281474976710655.000000	11.220806	5888	6820598272.000000
281474976710655.000000	12.493073	5889	6821642240.000000
281474976710655.000000	11.998227	5890	6822664192.000000
281474976710655.000000	11.123392	5891	6823720448.000000
281474976710655.000000	11.828385	5892	6824749568.000000
281474976710655.000000	12.446667	5893	6825787904.000000
281474976710655.000000	12.056661	5894	6826828288.000000
281474976710655.000000	11.982693	5895	6827869184.000000
281474976710655.000000	11.464786	5896	6828898304.000000
281474976710655.000000	12.100031	5897	6829950976.000000
281474976710655.000000	12.515052	5898	6830973952.000000
281474976710655.000000	11.352053	5899	6832022528.000000
281474976710655.000000	12.253790	5900	6833058816.000000
281474976710655.000000	11.756993	5901	6834094080.000000
281474976710655.000000	11.545627	5902	6835136512.000000
281474976710655.000000	12.103529	5903	6836173824.000000
281474976710655.000000	11.522759	5904	6837209600.000000
281474976710655.000000	12.304333	5905	6838255616.000000
281474976710655.000000	11.419961	5906	6839282176.000000
281474976710655.000000	12.301809	5907	6840334848.000000
281474976710655.000000	11.878824	5908	6841358848.000000
281474976710655.000000	12.133039	5909	6842411008.000000
281474976710655.000000	12.113815	5910	6843433472.000000
281474976710655.000000	11.528686	5911	6844488192.000000
281474976710655.000000	11.712554	5912	6845511680.000000
281474976710655.000000	12.478703	5913	6846565888.000000
281474976710655.000000	12.193986	5914	6847587328.000000
281474976710655.000000	12.088864	5915	6848642048.000000
281474976710655.000000	11.903396	5916	6849664512.000000
281474976710655.000000	11.792288	5917	6850718208.000000
281474976710655.000000	11.740065	5918	6851743744.000000
281474976710655.000000	12.380411	5919	6852791808.000000
281474976710655.000000	11.211054	5920	6853823488.000000
281474976710655.000000	11.973869	5921	6854864384.000000
281474976710655.000000	11.621335	5922	6855906816.000000
281474976710655.000000	12.075311	5923	6856939008.000000
281474976710655.000000	11.960246	5924	6857980928.000000
281474976710655.000000	10.890203	5925	6859018240.000000
281474976710655.000000	12.234645	5926	6860052480.000000
281474976710655.000000	11.739817	5927	6861102592.000000
281474976710655.000000	11.982055	5928	6862123520.000000
281474976710655.000000	11.889493	5929	6863178752.000000
281474976710655.000000	11.364237	5930	6864208896.000000
281474976710655.000000	12.541434	5931	6865246720.000000
281474976710655.000000	11.656799	5932	6866289664.000000
281474976710655.000000	11.145110	5933	6867322880.000000
281474976710655.000000	12.725272	5934	6868363264.000000
281474976710655.000000	11.477021	5935	6869406720.000000
281474976710655.000000	11.812574	5936	6870431232.000000
281474976710655.000000	11.442614	5937	6871486976.000000
281474976710655.000000	11.207993	5938	6872512512.000000
281474976710655.000000	12.617720	5939	6873557504.000000
281474976710655.000000	11.062279	5940	6874592768.000000
281474976710655.000000	11.626350	5941	6875630080.000000
281474976710655.000000	11.456559	5942	6876675072.000000
281474976710655.000000	11.987539	5943	6877706752.000000
281474976710655.000000	11.989414	5944	6878748160.000000
281474976710655.000000	11.013370	5945	6879784960.000000
281474976710655.000000	12.086013	5946	6880823296.000000
281474976710655.000000	11.480667	5947	6881866752.000000
281474976710655.000000	12.398619	5948	6882895872.000000
281474976710655.000000	11.291371	5949	6883942912.000000
281474976710655.000000	11.651339	5950	6884971520.000000
281474976710655.000000	11.191561	5951	6886022656.000000
281474976710655.000000	12.239979	5952	6887049216.000000
281474976710655.000000	11.420039	5953	6888097792.000000
281474976710655.000000	11.894152	5954	6889125376.000000
281474976710655.000000	11.205750	5955	6890173440.000000
281474976710655.000000	11.800247	5956	6891204096.000000
281474976710655.000000	10.998066	5957	6892249088.000000
281474976710655.000000	11.837267	5958	6893284352.000000
281474976710655.000000	11.311197	5959	6894321664.000000
281474976710655.000000	11.516582	5960	6895362048.000000
281474976710655.000000	11.638119	5961	6896397312.000000
281474976710655.000000	11.780084	5962	6897440768.000000
281474976710655.000000	11.992220	5963	6898473984.000000
281474976710655.000000	11.052067	5964	6899513344.000000
281474976710655.000000	11.705049	5965	6900555776.000000
281474976710655.000000	11.174846	5966	6901585408.000000
281474976710655.000000	11.479979	5967	6902636544.000000
281474976710655.000000	11.489910	5968	6903660544.000000
281474976710655.000000	11.124921	5969	6904712704.000000
281474976710655.000000	11.519449	5970	6905741824.000000
281474976710655.000000	11.184153	5971	6906783232.000000
281474976710655.000000	11.522834	5972	6907823104.000000
281474976710655.000000	11.266648	5973	6908856320.000000
281474976710655.000000	11.537723	5974	6909900288.000000
281474976710655.000000	12.107843	5975	6910936064.000000
281474976710655.000000	11.197082	5976	6911972352.000000
281474976710655.000000	11.778333	5977	6913017856.000000
281474976710655.000000	11.224029	5978	6914045440.000000
281474976710655.000000	11.672237	5979	6915096576.000000
281474976710655.000000	11.590802	5980	6916120576.000000
281474976710655.000000	11.188663	5981	6917173248.000000
281474976710655.000000	11.670556	5982	6918200832.000000
281474976710655.000000	11.060970	5983	6919247872.000000
281474976710655.000000	11.560719	5984	6920279552.000000
281474976710655.000000	11.172440	5985	6921321472.000000
281474976710655.000000	12.058493	5986	6922358784.000000
281474976710655.000000	11.226532	5987	6923396608.000000
281474976710655.000000	11.627649	5988	6924436480.000000
281474976710655.000000	11.171861	5989	6925472768.000000
281474976710655.000000	11.587931	5990	6926514176.000000
281474976710655.000000	11.055902	5991	6927549440.000000
281474976710655.000000	11.666001	5992	6928589824.000000
281474976710655.000000	10.935698	5993	6929627136.000000
281474976710655.000000	11.788504	5994	6930664960.000000
281474976710655.000000	10.939939	5995	6931707392.000000
281474976710655.000000	11.777510	5996	6932739072.000000
281474976710655.000000	11.313557	5997	6933787648.000000
281474976710655.000000	11.591497	5998	6934811136.000000
281474976710655.000000	11.020216	5999	6935865856.000000
281474976710655.000000	11.088099	6000	6936888832.000000
281474976710655.000000	11.792073	6001	6937940992.000000
281474976710655.000000	10.784246	6002	6938968064.000000
281474976710655.000000	11.808556	6003	6940013568.000000
281474976710655.000000	10.920250	6004	6941050368.000000
281474976710655.000000	12.080678	6005	6942086656.000000
281474976710655.000000	11.168471	6006	6943129088.000000
281474976710655.000000	11.124929	6007	6944161280.000000
281474976710655.000000	11.512641	6008	6945205248.000000
281474976710655.000000	10.920616	6009	6946240000.000000
281474976710655.000000	11.857099	6010	6947277824.000000
281474976710655.000000	10.716859	6011	6948323328.000000
281474976710655.000000	11.529795	6012	6949350400.000000
281474976710655.000000	11.115177	6013	6950403584.000000
281474976710655.000000	11.293603	6014	6951426560.000000
281474976710655.000000	11.397189	6015	6952478208.000000
281474976710655.000000	10.641842	6016	6953504256.000000
281474976710655.000000	11.531858	6017	6954553344.000000
281474976710655.000000	10.752486	6018	6955584512.000000
281474976710655.000000	11.858733	6019	6956627456.000000
281474976710655.000000	10.719617	6020	6957663232.000000
281474976710655.000000	11.533386	6021	6958702592.000000
281474976710655.000000	10.729570	6022	6959741440.000000
281474976710655.000000	11.663372	6023	6960778240.000000
281474976710655.000000	10.985476	6024	6961818624.000000
281474976710655.000000	11.452328	6025	6962853888.000000
281474976710655.000000	10.660409	6026	6963894784.000000
281474976710655.000000	11.494420	6027	6964931072.000000
281474976710655.000000	10.923050	6028	6965971456.000000
281474976710655.000000	11.704174	6029	6967009792.000000
281474976710655.000000	10.731192	6030	6968046080.000000
281474976710655.000000	11.364087	6031	6969087488.000000
281474976710655.000000	10.470256	6032	6970120704.000000
281474976710655.000000	11.389468	6033	6971167232.000000
281474976710655.000000	10.500092	6034	6972194816.000000
281474976710655.000000	11.158670	6035	6973245440.000000
281474976710655.000000	10.764515	6036	6974269440.000000
281474976710655.000000	10.930004	6037	6975323648.000000
281474976710655.000000	11.180131	6038	6976346624.000000
281474976710655.000000	10.866526	6039	6977399296.000000
281474976710655.000000	11.250701	6040	6978425856.000000
281474976710655.000000	10.714254	6041	6979471872.000000
281474976710655.000000	11.374436	6042	6980507648.000000
281474976710655.000000	10.915065	6043	6981544448.000000
281474976710655.000000	10.923904	6044	6982586368.000000
281474976710655.000000	10.930205	6045	6983620608.000000
281474976710655.000000	10.731567	6046	6984663552.000000
281474976710655.000000	11.238456	6047	6985698304.000000
281474976710655.000000	10.496601	6048	6986738688.000000
281474976710655.000000	11.408435	6049	6987777536.000000
281474976710655.000000	10.491426	6050	6988811264.000000
281474976710655.000000	11.194950	6051	6989858304.000000
281474976710655.000000	10.603894	6052	6990884864.000000
281474976710655.000000	11.127489	6053	6991936000.000000
281474976710655.000000	10.503650	6054	6992960512.000000
281474976710655.000000	10.951500	6055	6994014208.000000
281474976710655.000000	10.797288	6056	6995037184.000000
281474976710655.000000	10.952237	6057	6996091392.000000
281474976710655.000000	11.080218	6058	6997113856.000000
281474976710655.000000	10.646509	6059	6998166528.000000
281474976710655.000000	11.120950	6060	6999192064.000000
281474976710655.000000	10.659887	6061	7000243712.000000
281474976710655.000000	11.019381	6062	7001268736.000000
281474976710655.000000	10.490858	6063	7002320384.000000
281474976710655.000000	10.943342	6064	7003344896.000000
281474976710655.000000	10.431293	6065	7004396544.000000
281474976710655.000000	10.956458	6066	7005421568.000000
281474976710655.000000	10.639093	6067	7006474752.000000
281474976710655.000000	10.912910	6068	7007497216.000000
281474976710655.000000	10.624051	6069	7008550912.000000
281474976710655.000000	10.801074	6070	7009572864.000000
281474976710655.000000	10.773580	6071	7010629120.000000
281474976710655.000000	10.733233	6072	7011650048.000000
281474976710655.000000	10.911107	6073	7012704768.000000
281474976710655.000000	10.166452	6074	7013727744.000000
281474976710655.000000	11.083790	6075	7014780416.000000
281474976710655.000000	9.892570	6076	7015807488.000000
281474976710655.000000	11.175314	6077	7016855040.000000
281474976710655.000000	10.170444	6078	7017886720.000000
281474976710655.000000	11.088803	6079	7018929152.000000
281474976710655.000000	10.027151	6080	7019966976.000000
281474976710655.000000	10.970658	6081	7021003264.000000
281474976710655.000000	10.503239	6082	7022044160.000000
281474976710655.000000	10.374901	6083	7023079936.000000
281474976710655.000000	10.603088	6084	7024120320.000000
281474976710655.000000	10.324913	6085	7025158144.000000
281474976710655.000000	10.721944	6086	7026193920.000000
281474976710655.000000	10.035252	6087	7027239424.000000
281474976710655.000000	11.030432	6088	7028265984.000000
281474976710655.000000	10.100264	6089	7029319680.000000
281474976710655.000000	10.527532	6090	7030340608.000000
281474976710655.000000	10.237130	6091	7031396864.000000
281474976710655.000000	10.577334	6092	7032416768.000000
281474976710655.000000	10.862252	6093	7033474560.000000
281474976710655.000000	9.932782	6094	7034493952.000000
281474976710655.000000	10.679431	6095	7035550208.000000
281474976710655.000000	10.153513	6096	7036571648.000000
281474976710655.000000	10.840798	6097	7037625856.000000
281474976710655.000000	9.944120	6098	7038648832.000000
281474976710655.000000	10.782701	6099	7039702016.000000
281474976710655.000000	10.123449	6100	7040726528.000000
281474976710655.000000	10.758255	6101	7041778688.000000
281474976710655.000000	9.917013	6102	7042802688.000000
281474976710655.000000	10.476258	6103	7043856384.000000
281474976710655.000000	9.942273	6104	7044877824.000000
281474976710655.000000	10.359077	6105	7045934592.000000
281474976710655.000000	10.070156	6106	7046954496.000000
281474976710655.000000	10.312998	6107	7048011776.000000
281474976710655.000000	10.148481	6108	7049030144.000000
281474976710655.000000	10.283285	6109	7050087424.000000
281474976710655.000000	10.368567	6110	7051108864.000000
281474976710655.000000	9.907611	6111	7052162048.000000
281474976710655.000000	10.479072	6112	7053189120.000000
281474976710655.000000	9.959366	6113	7054235648.000000
281474976710655.000000	10.503424	6114	7055269376.000000
281474976710655.000000	10.000584	6115	7056308224.000000
281474976710655.000000	10.147316	6116	7057347584.000000
281474976710655.000000	10.285391	6117	7058384384.000000
281474976710655.000000	10.147810	6118	7059424768.000000
281474976710655.000000	10.477426	6119	7060461056.000000
281474976710655.000000	9.906706	6120	7061501440.000000
281474976710655.000000	10.411697	6121	7062539264.000000
281474976710655.000000	9.693912	6122	7063576064.000000
281474976710655.000000	10.648594	6123	7064618496.000000
281474976710655.000000	9.611361	6124	7065651200.000000
281474976710655.000000	10.522282	6125	7066696704.000000
281474976710655.000000	9.549232	6126	7067725824.000000
281474976710655.000000	10.272098	6127	7068775424.000000
281474976710655.000000	9.408563	6128	7069802496.000000
281474976710655.000000	10.544507	6129	7070851584.000000
281474976710655.000000	9.508531	6130	7071877632.000000
281474976710655.000000	10.259059	6131	7072930816.000000
281474976710655.000000	9.450772	6132	7073953280.000000
281474976710655.000000	10.112238	6133	7075004416.000000
281474976710655.000000	9.610003	6134	7076029440.000000
281474976710655.000000	10.486847	6135	7077083136.000000
281474976710655.000000	9.690419	6136	7078106112.000000
281474976710655.000000	10.006392	6137	7079161344.000000
281474976710655.000000	9.678624	6138	7080183296.000000
281474976710655.000000	10.287207	6139	7081236480.000000
281474976710655.000000	9.476788	6140	7082261504.000000
281474976710655.000000	10.324890	6141	7083311616.000000
281474976710655.000000	9.480005	6142	7084338688.000000
281474976710655.000000	9.934501	6143	7085388800.000000
281474976710655.000000	9.536212	6144	7086415360.000000
281474976710655.000000	10.259349	6145	7087465472.000000
281474976710655.000000	9.213593	6146	7088493056.000000
281474976710655.000000	10.153282	6147	7089541632.000000
281474976710655.000000	9.346955	6148	7090571264.000000
281474976710655.000000	10.213899	6149	7091617280.000000
281474976710655.000000	9.331139	6150	7092649984.000000
281474976710655.000000	10.268106	6151	7093690880.000000
281474976710655.000000	9.400036	6152	7094728704.000000
281474976710655.000000	10.306671	6153	7095767552.000000
281474976710655.000000	9.227629	6154	7096806400.000000
281474976710655.000000	10.234076	6155	7097842688.000000
281474976710655.000000	9.296370	6156	7098883584.000000
281474976710655.000000	9.728113	6157	7099917312.000000
281474976710655.000000	9.599143	6158	7100960768.000000
281474976710655.000000	9.561457	6159	7101995008.000000
281474976710655.000000	9.963660	6160	7103035904.000000
281474976710655.000000	9.569673	6161	7104072704.000000
281474976710655.000000	10.096292	6162	7105112576.000000
281474976710655.000000	9.216039	6163	7106150400.000000
