time (s)	energy (uJ)	charge (mC)	voltage (mV)	crossing#mod 255
89194.335443	8.873950	0.005511	1.610156	242
89195.377070	8.555106	0.005495	1.556778	243
89196.418069	7.665605	0.005513	1.390538	244
89197.448150	8.599087	0.005499	1.563619	245
89198.494188	18.016592	0.005488	3.283040	246
89199.530430	8.347231	0.005503	1.516874	247
89200.562644	8.874384	0.005498	1.613966	248
89201.602735	8.750909	0.005490	1.593930	249
89202.645613	8.599872	0.005491	1.566152	250
89203.683522	7.746068	0.005501	1.408077	251
89204.717582	8.458311	0.005499	1.538157	252
89205.756056	8.541935	0.005502	1.552531	253
89206.798687	8.199624	0.005493	1.492866	254
89207.827198	9.199449	0.005488	1.676433	255
89208.869182	8.351567	0.005496	1.519515	0
89209.901473	9.180826	0.005498	1.669898	1
89210.949875	7.849329	0.005497	1.428009	2
89211.981952	8.718553	0.005503	1.584257	3
89213.022021	8.587189	0.005506	1.559485	4
89214.056155	9.064045	0.005509	1.645331	5
89215.098178	8.286207	0.005504	1.505409	6
89216.134291	8.524819	0.005507	1.548004	7
89217.179442	7.955204	0.005481	1.451413	8
89218.208224	8.780891	0.005496	1.597798	9
89219.250451	8.188449	0.005502	1.488191	10
89220.288886	35.373554	0.005534	6.391555	11
89221.320001	9.103639	0.005512	1.651569	12
89222.360119	8.782670	0.005517	1.591919	13
89223.401933	8.411121	0.005507	1.527417	14
89224.432781	9.384777	0.005511	1.702896	15
89225.484851	7.730066	0.005504	1.404417	16
89226.514079	8.647478	0.005505	1.570753	17
89227.555283	8.633395	0.005502	1.569155	18
89228.591475	8.586211	0.005507	1.559180	19
89229.627846	8.547143	0.005498	1.554602	20
89230.666623	8.763673	0.005497	1.594251	21
89231.707114	8.291526	0.005511	1.504452	22
89232.739213	8.994922	0.005499	1.635686	23
89233.781116	8.520147	0.005492	1.551255	24
89234.821598	8.760950	0.005497	1.593737	25
89235.852738	8.795697	0.005508	1.596835	26
89236.894810	36.190220	0.005509	6.569127	27
89237.936555	8.266025	0.005498	1.503362	28
89238.965362	9.491862	0.005511	1.722432	29
89240.006280	8.917880	0.005509	1.618671	30
89241.048773	8.342892	0.005508	1.514742	31
89242.080980	9.025986	0.005518	1.635601	32
89243.128985	8.403632	0.005507	1.526011	33
89244.151000	9.121939	0.005508	1.656170	34
89245.199563	8.779629	0.005505	1.594729	35
89246.232032	8.828741	0.005501	1.604799	36
89247.298115	6.636737	0.005502	1.206221	37
89248.304182	9.296782	0.005508	1.687939	38
89249.354112	8.687680	0.005502	1.579049	39
89250.386228	8.390566	0.005504	1.524501	40
89251.426297	9.017378	0.005500	1.639434	41
89252.458411	8.960119	0.005499	1.629428	42
89253.506474	8.749775	0.005515	1.586619	43
89254.532518	9.167417	0.005502	1.666242	44
89255.582124	8.661537	0.005497	1.575742	45
89256.613514	8.488489	0.005500	1.543242	46
89257.661578	8.217295	0.005508	1.491888	47
89258.685605	8.951496	0.005513	1.623835	48
89259.733437	16.218920	0.005501	2.948334	49
89260.765511	8.436905	0.005507	1.532043	50
89261.805621	9.269384	0.005501	1.685033	51
89262.837692	8.716190	0.005504	1.583593	52
89263.885780	8.790917	0.005517	1.593452	53
89264.911837	9.128351	0.005515	1.655323	54
89265.957858	9.408562	0.005513	1.706608	55
89266.989955	9.303122	0.005496	1.692598	56
89268.031835	9.209450	0.005505	1.672815	57
89269.066677	8.841002	0.005489	1.610536	58
89270.112028	8.690969	0.005501	1.579835	59
89271.144076	8.674660	0.005503	1.576281	60
89272.184174	9.317909	0.005536	1.683003	61
89273.226214	8.167791	0.005510	1.482406	62
89274.256771	9.631841	0.005510	1.747994	63
89275.296848	8.542364	0.005509	1.550636	64
89276.338646	8.984340	0.005497	1.634291	65
89277.380524	7.871801	0.005507	1.429321	66
89278.413571	8.966470	0.005500	1.630212	67
89279.451514	8.479354	0.005499	1.541912	68
89280.491599	8.798474	0.005505	1.598389	69
89281.525705	8.637170	0.005505	1.568961	70
89282.566256	8.849475	0.005505	1.607454	71
89283.596370	9.002801	0.005496	1.637960	72
89284.645193	8.524336	0.005503	1.549118	73
89285.677220	8.510939	0.005502	1.546910	74
89286.719328	9.048738	0.005509	1.642679	75
89287.749311	9.090901	0.005514	1.648707	76
89288.791399	9.613556	0.005503	1.746881	77
89289.829955	8.445219	0.005518	1.530476	78
89290.870025	8.913011	0.005506	1.618870	79
89291.904049	8.682310	0.005510	1.575796	80
89292.942643	9.364380	0.005508	1.700032	81
89293.974686	9.383288	0.005496	1.707147	82
89295.024590	8.919151	0.005504	1.620627	83
89296.056957	8.651914	0.005495	1.574420	84
89297.098151	8.730918	0.005503	1.586655	85
89298.129033	9.036638	0.005503	1.641983	86
89299.179176	8.457696	0.005506	1.536097	87
89300.209159	8.817113	0.005512	1.599488	88
89301.249716	8.922471	0.005510	1.619330	89
89302.281792	9.081138	0.005509	1.648348	90
89303.321840	9.376728	0.005513	1.700689	91
89304.353919	9.503219	0.005518	1.722100	92
89305.403727	8.782466	0.005489	1.599957	93
89306.434969	8.944806	0.005512	1.622793	94
89307.477056	9.132374	0.005509	1.657809	95
89308.511074	8.908918	0.005507	1.617736	96
89309.557045	8.467311	0.005504	1.538391	97
89310.591223	7.624401	0.005505	1.385063	98
89311.629246	8.815598	0.005502	1.602111	99
89312.663408	8.867632	0.005500	1.612419	100
89313.702260	9.526092	0.005503	1.731066	101
89314.742351	8.534269	0.005496	1.552819	102
89315.782890	8.808419	0.005516	1.596835	103
89316.814969	8.689235	0.005497	1.580612	104
89317.854988	9.307641	0.005507	1.690280	105
89318.886971	9.314582	0.005501	1.693359	106
89319.937094	8.712207	0.005508	1.581657	107
89320.970029	8.467967	0.005507	1.537789	108
89322.008527	9.058138	0.005499	1.647202	109
89323.040553	8.802798	0.005500	1.600553	110
89324.080567	9.609468	0.005509	1.744455	111
89325.122692	8.382762	0.005510	1.521356	112
89326.163633	8.641454	0.005493	1.573143	113
89327.193679	8.897790	0.005503	1.616972	114
89328.233756	9.346848	0.005512	1.695610	115
89329.265777	9.431153	0.005516	1.709722	116
89330.307534	9.571550	0.005495	1.741770	117
89331.346796	8.646320	0.005504	1.570950	118
89332.388868	8.950507	0.005506	1.625542	119
89333.419430	9.030237	0.005508	1.639357	120
89334.461462	9.524353	0.005509	1.728998	121
89335.503455	8.165897	0.005501	1.484438	122
89336.541399	9.029689	0.005497	1.642656	123
89337.573477	8.849569	0.005499	1.609352	124
89338.614010	9.589446	0.005501	1.743067	125
89339.645072	8.970112	0.005511	1.627552	126
89340.694971	8.913082	0.005504	1.619243	127
89341.725315	8.761167	0.005489	1.596263	128
89342.768281	9.302444	0.005506	1.689383	129
89343.800346	9.058017	0.005538	1.635480	130
89344.847299	8.110859	0.005505	1.473341	131
89345.871308	9.468605	0.005509	1.718618	132
89346.920781	9.087962	0.005496	1.653617	133
89347.951488	9.025651	0.005497	1.642038	134
89349.001431	8.456071	0.005495	1.538769	135
89350.025489	9.006573	0.005498	1.638216	136
89351.075664	8.792128	0.005507	1.596483	137
89352.105631	8.587533	0.005512	1.557870	138
89353.145705	9.487722	0.005509	1.722371	139
89354.178281	9.014952	0.005497	1.640087	140
89355.226375	8.933583	0.005513	1.620317	141
89356.262375	8.043765	0.005496	1.463644	142
89357.300109	9.415607	0.005495	1.713616	143
89358.335167	8.443830	0.005498	1.535707	144
89359.380523	8.417171	0.005494	1.531985	145
89360.408624	8.742663	0.005491	1.592282	146
89361.453149	9.031254	0.005505	1.640582	147
89362.485234	8.357778	0.005497	1.520314	148
89363.525723	9.606867	0.005500	1.746717	149
89364.557798	8.856520	0.005498	1.610933	150
89365.605903	8.983299	0.005500	1.633201	151
89366.637944	8.462338	0.005505	1.537136	152
89367.680009	9.375566	0.005509	1.701958	153
89368.711026	8.793741	0.005508	1.596593	154
89369.762234	8.801953	0.005506	1.598511	155
89370.782809	8.845609	0.005509	1.605654	156
89371.832713	9.211147	0.005505	1.673347	157
89372.864821	8.472255	0.005504	1.539175	158
89373.904842	9.720377	0.005503	1.766448	159
89374.937364	8.922098	0.005499	1.622388	160
89375.985438	9.064230	0.005504	1.646821	161
89377.017494	8.609673	0.005508	1.563257	162
89378.057547	9.527412	0.005510	1.729264	163
89379.089611	8.942487	0.005515	1.621398	164
89380.139458	8.900427	0.005498	1.618961	165
89381.171565	8.540357	0.005501	1.552415	166
89382.212672	9.143225	0.005524	1.655066	167
89383.243596	8.358953	0.005506	1.518112	168
89384.285691	9.577568	0.005503	1.740442	169
89385.317679	8.961752	0.005510	1.626482	170
89386.363703	9.183295	0.005494	1.671390	171
89387.397545	8.477716	0.005502	1.540976	172
89388.436725	9.654007	0.005506	1.753508	173
89389.470785	8.827202	0.005502	1.604292	174
89390.517290	9.038589	0.005495	1.644766	175
89391.541390	9.313663	0.005515	1.688911	176
89392.591272	9.318822	0.005500	1.694247	177
89393.623349	8.661344	0.005499	1.575168	178
89394.671424	9.063697	0.005498	1.648583	179
89395.695477	9.097862	0.005501	1.653765	180
89396.743525	9.245274	0.005502	1.680385	181
89397.767561	9.588141	0.005509	1.740452	182
89398.824113	8.718696	0.005507	1.583123	183
89399.848117	8.941375	0.005506	1.624027	184
89400.900151	8.858900	0.005501	1.610541	185
89401.920778	9.497472	0.005508	1.724451	186
89402.970591	9.443637	0.005497	1.717969	187
89404.004880	8.516782	0.005498	1.548960	188
89405.051181	8.869560	0.005502	1.612071	189
89406.075303	9.247751	0.005490	1.684376	190
89407.123472	9.297159	0.005501	1.690079	191
89408.147896	9.493128	0.005501	1.725690	192
89409.206118	8.621099	0.005506	1.565767	193
89410.228090	9.204556	0.005499	1.673745	194
89411.276618	9.161571	0.005502	1.665088	195
89412.301049	9.252846	0.005497	1.683255	196
89413.349137	9.375553	0.005500	1.704616	197
89414.382003	12.819411	0.005501	2.330472	198
89415.430188	8.927911	0.005501	1.622927	199
89416.454617	9.079553	0.005495	1.652316	200
89417.502769	9.328854	0.005503	1.695194	201
89418.535273	10.235062	0.005484	1.866433	202
89419.583388	8.829002	0.005499	1.605661	203
89420.606419	9.011860	0.005499	1.638792	204
89421.658426	8.865219	0.005499	1.612222	205
89422.688354	8.549475	0.005483	1.559325	206
89423.731786	9.107105	0.005483	1.660957	207
89424.761015	8.786139	0.005499	1.597871	208
89425.813132	8.590606	0.005490	1.564689	209
89426.833647	9.122947	0.005499	1.658894	210
89427.882208	9.211512	0.005502	1.674216	211
89428.914280	8.740629	0.005496	1.590320	212
89429.956425	9.526847	0.005501	1.731783	213
89430.986893	9.051094	0.005502	1.645131	214
89432.037021	8.906625	0.005506	1.617531	215
89433.067485	8.606678	0.005503	1.563886	216
89434.107607	9.501609	0.005500	1.727496	217
89435.143725	8.512206	0.005488	1.550940	218
89436.190742	8.799888	0.005503	1.598993	219
89437.212695	9.359541	0.005500	1.701779	220
89438.260763	9.453032	0.005506	1.716733	221
89439.295589	8.451804	0.005495	1.538107	222
89440.343726	8.770834	0.005499	1.594844	223
89441.365825	9.245184	0.005505	1.679568	224
89442.413888	9.356803	0.005500	1.701122	225
89443.445976	8.740844	0.005514	1.585209	226
89444.499245	8.335219	0.005500	1.515529	227
89445.520618	42.032944	0.005519	7.616655	228
89446.568415	9.035534	0.005494	1.644581	229
89447.592425	9.365205	0.005494	1.704687	230
89448.640653	9.394481	0.005503	1.707199	231
89449.672656	8.701459	0.005501	1.581798	232
89450.720746	9.006751	0.005506	1.635665	233
89451.745614	9.253470	0.005499	1.682889	234
89452.797415	8.977683	0.005489	1.635595	235
89453.826500	8.585144	0.005501	1.560737	236
89454.875078	8.692035	0.005497	1.581374	237
89455.899091	8.939511	0.005504	1.624280	238
89456.947310	9.122180	0.005497	1.659445	239
89457.971377	9.396324	0.005499	1.708888	240
89459.021992	8.964552	0.005500	1.629898	241
89460.054077	8.542603	0.005507	1.551243	242
89461.100580	8.894355	0.005495	1.618616	243
89462.124673	9.366445	0.005502	1.702252	244
89463.174826	8.927009	0.005502	1.622596	245
89464.205329	8.816639	0.005501	1.602754	246
89465.245435	9.565766	0.005497	1.740319	247
89466.279583	9.122924	0.005505	1.657320	248
89467.325624	9.035119	0.005503	1.641770	249
89468.357721	8.891894	0.005507	1.614741	250
89469.397922	9.313032	0.005494	1.694997	251
89470.433804	8.852728	0.005498	1.610254	252
89471.471733	9.749759	0.005506	1.770604	253
89472.512487	8.587065	0.005495	1.562808	254
89473.551371	8.948960	0.005498	1.627750	255
89474.585005	8.914761	0.005490	1.623859	0
89475.625310	9.415340	0.005499	1.712308	1
89476.665451	8.448253	0.005500	1.536036	2
89477.704530	9.087268	0.005504	1.651015	3
89478.736960	8.748768	0.005510	1.587759	4
89479.778743	9.172922	0.005499	1.668089	5
89480.812994	8.976967	0.005509	1.629485	6
89481.850929	9.633545	0.005497	1.752457	7
89482.891480	8.662787	0.005503	1.574193	8
89483.934041	8.641995	0.005495	1.572770	9
89484.965663	8.928555	0.005507	1.621242	10
89486.003662	9.504956	0.005506	1.726157	11
89487.045754	8.372855	0.005502	1.521756	12
89488.085451	8.859119	0.005501	1.610529	13
89489.117632	15.970920	0.005503	2.902251	14
89490.157732	9.317702	0.005501	1.693839	15
89491.189777	9.305933	0.005497	1.692804	16
89492.238349	8.778531	0.005501	1.595950	17
89493.272399	8.500448	0.005500	1.545506	18
89494.312475	9.056156	0.005497	1.647511	19
89495.345078	8.739188	0.005500	1.589023	20
89496.383099	9.936805	0.005507	1.804476	21
89497.417161	9.080105	0.005506	1.649111	22
89498.463273	9.246305	0.005520	1.675004	23
