crossing time (s)	slope (V/s)	crossing number
281474976710655.000000	4.425786	6656	64394899456.000000
281474976710655.000000	3.737801	6657	64395964416.000000
281474976710655.000000	3.985127	6658	64396984320.000000
281474976710655.000000	4.105684	6659	64398053376.000000
281474976710655.000000	4.346205	6660	64399073280.000000
281474976710655.000000	4.027219	6661	64400142336.000000
281474976710655.000000	4.330750	6662	64401158144.000000
281474976710655.000000	3.608275	6663	64402227200.000000
281474976710655.000000	3.967479	6664	64403247104.000000
281474976710655.000000	4.122180	6665	64404316160.000000
281474976710655.000000	4.342426	6666	64405327872.000000
281474976710655.000000	3.919139	6667	64406409216.000000
281474976710655.000000	4.192705	6668	64407412736.000000
281474976710655.000000	3.780296	6669	64408489984.000000
281474976710655.000000	4.136564	6670	64409501696.000000
281474976710655.000000	3.892648	6671	64410574848.000000
281474976710655.000000	3.772687	6672	64411590656.000000
281474976710655.000000	4.191996	6673	64412655616.000000
281474976710655.000000	4.112032	6674	64413683712.000000
281474976710655.000000	4.092606	6675	64414732288.000000
281474976710655.000000	4.013183	6676	64415772672.000000
281474976710655.000000	3.966678	6677	64416817152.000000
281474976710655.000000	4.267542	6678	64417865728.000000
281474976710655.000000	4.086387	6679	64418893824.000000
281474976710655.000000	4.121236	6680	64419954688.000000
281474976710655.000000	3.967067	6681	64420986880.000000
281474976710655.000000	4.263416	6682	64422039552.000000
281474976710655.000000	3.912356	6683	64423079936.000000
281474976710655.000000	4.221159	6684	64424112128.000000
281474976710655.000000	4.050261	6685	64425172992.000000
281474976710655.000000	4.260190	6686	64426192896.000000
281474976710655.000000	3.941677	6687	64427266048.000000
281474976710655.000000	4.238463	6688	64428277760.000000
281474976710655.000000	3.992840	6689	64429355008.000000
281474976710655.000000	4.249915	6690	64430370816.000000
281474976710655.000000	4.102214	6691	64431431680.000000
281474976710655.000000	3.994304	6692	64432459776.000000
281474976710655.000000	4.218834	6693	64433516544.000000
281474976710655.000000	4.205739	6694	64434552832.000000
281474976710655.000000	4.298023	6695	64435593216.000000
281474976710655.000000	4.193644	6696	64436641792.000000
281474976710655.000000	3.970887	6697	64437682176.000000
281474976710655.000000	4.258640	6698	64438730752.000000
281474976710655.000000	4.224603	6699	64439762944.000000
281474976710655.000000	4.137239	6700	64440819712.000000
281474976710655.000000	4.128797	6701	64441851904.000000
281474976710655.000000	4.263820	6702	64442908672.000000
281474976710655.000000	4.199889	6703	64443936768.000000
281474976710655.000000	4.299286	6704	64444993536.000000
281474976710655.000000	4.107772	6705	64446021632.000000
281474976710655.000000	4.242214	6706	64447078400.000000
281474976710655.000000	4.225335	6707	64448110592.000000
281474976710655.000000	4.435462	6708	64449163264.000000
281474976710655.000000	4.201413	6709	64450199552.000000
281474976710655.000000	4.270554	6710	64451248128.000000
281474976710655.000000	3.963171	6711	64452284416.000000
281474976710655.000000	4.346292	6712	64453337088.000000
281474976710655.000000	4.253730	6713	64454369280.000000
281474976710655.000000	4.202274	6714	64455421952.000000
281474976710655.000000	4.170167	6715	64456454144.000000
281474976710655.000000	4.269647	6716	64457510912.000000
281474976710655.000000	4.150321	6717	64458543104.000000
281474976710655.000000	4.319855	6718	64459595776.000000
281474976710655.000000	4.280486	6719	64460627968.000000
281474976710655.000000	4.276578	6720	64461684736.000000
281474976710655.000000	4.174157	6721	64462716928.000000
281474976710655.000000	4.333619	6722	64463765504.000000
281474976710655.000000	4.220737	6723	64464801792.000000
281474976710655.000000	4.355586	6724	64465854464.000000
281474976710655.000000	4.329363	6725	64466890752.000000
281474976710655.000000	4.250452	6726	64467935232.000000
281474976710655.000000	4.260334	6727	64468979712.000000
281474976710655.000000	4.300265	6728	64470020096.000000
281474976710655.000000	4.292476	6729	64471072768.000000
281474976710655.000000	4.310320	6730	64472100864.000000
281474976710655.000000	4.349169	6731	64473161728.000000
281474976710655.000000	4.355533	6732	64474181632.000000
281474976710655.000000	4.211461	6733	64475254784.000000
281474976710655.000000	4.334530	6734	64476266496.000000
281474976710655.000000	4.236665	6735	64477339648.000000
281474976710655.000000	4.368221	6736	64478355456.000000
281474976710655.000000	4.270836	6737	64479420416.000000
281474976710655.000000	4.497767	6738	64480448512.000000
281474976710655.000000	4.226187	6739	64481497088.000000
281474976710655.000000	4.473973	6740	64482541568.000000
281474976710655.000000	4.186201	6741	64483577856.000000
281474976710655.000000	4.481428	6742	64484634624.000000
281474976710655.000000	4.152246	6743	64485666816.000000
281474976710655.000000	4.434568	6744	64486719488.000000
281474976710655.000000	4.381806	6745	64487751680.000000
281474976710655.000000	4.272117	6746	64488804352.000000
281474976710655.000000	4.538900	6747	64489840640.000000
281474976710655.000000	4.437664	6748	64490889216.000000
281474976710655.000000	4.245721	6749	64491929600.000000
281474976710655.000000	4.761304	6750	64492969984.000000
281474976710655.000000	4.632774	6751	64494018560.000000
281474976710655.000000	4.667934	6752	64495050752.000000
281474976710655.000000	4.577222	6753	64496111616.000000
281474976710655.000000	4.584100	6754	64497135616.000000
281474976710655.000000	4.216864	6755	64498196480.000000
281474976710655.000000	4.407206	6756	64499228672.000000
281474976710655.000000	4.331017	6757	64500281344.000000
281474976710655.000000	4.296444	6758	64501313536.000000
281474976710655.000000	4.423179	6759	64502366208.000000
281474976710655.000000	4.493321	6760	64503402496.000000
281474976710655.000000	4.362555	6761	64504451072.000000
281474976710655.000000	4.510857	6762	64505491456.000000
281474976710655.000000	4.256365	6763	64506535936.000000
281474976710655.000000	4.439536	6764	64507580416.000000
281474976710655.000000	4.493967	6765	64508620800.000000
281474976710655.000000	4.325049	6766	64509669376.000000
281474976710655.000000	4.267170	6767	64510705664.000000
281474976710655.000000	4.514113	6768	64511754240.000000
281474976710655.000000	4.346233	6769	64512794624.000000
281474976710655.000000	4.489990	6770	64513835008.000000
281474976710655.000000	4.380976	6771	64514887680.000000
281474976710655.000000	4.600581	6772	64515911680.000000
281474976710655.000000	4.218961	6773	64516980736.000000
281474976710655.000000	4.566114	6774	64517988352.000000
281474976710655.000000	4.379101	6775	64519073792.000000
281474976710655.000000	4.512366	6776	64520077312.000000
281474976710655.000000	4.418760	6777	64521158656.000000
281474976710655.000000	4.524611	6778	64522162176.000000
281474976710655.000000	4.365317	6779	64523243520.000000
281474976710655.000000	4.388766	6780	64524255232.000000
281474976710655.000000	4.499299	6781	64525328384.000000
281474976710655.000000	4.506372	6782	64526340096.000000
281474976710655.000000	4.468122	6783	64527413248.000000
281474976710655.000000	4.370356	6784	64528433152.000000
281474976710655.000000	4.448431	6785	64529494016.000000
281474976710655.000000	4.472074	6786	64530518016.000000
281474976710655.000000	4.227534	6787	64531582976.000000
281474976710655.000000	4.695057	6788	64532606976.000000
281474976710655.000000	4.499001	6789	64533667840.000000
281474976710655.000000	4.575979	6790	64534691840.000000
281474976710655.000000	4.547057	6791	64535752704.000000
281474976710655.000000	4.465255	6792	64536776704.000000
281474976710655.000000	4.540103	6793	64537841664.000000
281474976710655.000000	4.512290	6794	64538865664.000000
281474976710655.000000	4.536385	6795	64539930624.000000
281474976710655.000000	4.620795	6796	64540946432.000000
281474976710655.000000	4.407998	6797	64542019584.000000
281474976710655.000000	4.795580	6798	64543031296.000000
281474976710655.000000	4.375706	6799	64544108544.000000
281474976710655.000000	4.410711	6800	64545116160.000000
281474976710655.000000	4.479360	6801	64546197504.000000
281474976710655.000000	4.650846	6802	64547201024.000000
281474976710655.000000	4.511598	6803	64548282368.000000
281474976710655.000000	4.604285	6804	64549285888.000000
281474976710655.000000	4.624880	6805	64550367232.000000
281474976710655.000000	4.737440	6806	64551374848.000000
281474976710655.000000	4.410398	6807	64552448000.000000
281474976710655.000000	4.587556	6808	64553467904.000000
281474976710655.000000	4.483272	6809	64554524672.000000
281474976710655.000000	4.763552	6810	64555560960.000000
281474976710655.000000	4.468522	6811	64556609536.000000
281474976710655.000000	4.649869	6812	64557649920.000000
281474976710655.000000	4.500877	6813	64558694400.000000
281474976710655.000000	4.595517	6814	64559738880.000000
281474976710655.000000	4.563684	6815	64560779264.000000
281474976710655.000000	4.669997	6816	64561823744.000000
281474976710655.000000	4.478896	6817	64562868224.000000
281474976710655.000000	4.537619	6818	64563908608.000000
281474976710655.000000	4.490658	6819	64564957184.000000
281474976710655.000000	4.600748	6820	64565993472.000000
281474976710655.000000	4.593993	6821	64567042048.000000
281474976710655.000000	4.680330	6822	64568082432.000000
281474976710655.000000	4.509669	6823	64569131008.000000
281474976710655.000000	4.547338	6824	64570167296.000000
281474976710655.000000	4.557769	6825	64571215872.000000
281474976710655.000000	4.650694	6826	64572256256.000000
281474976710655.000000	4.477118	6827	64573300736.000000
281474976710655.000000	4.780609	6828	64574345216.000000
281474976710655.000000	4.572860	6829	64575385600.000000
281474976710655.000000	4.719469	6830	64576430080.000000
281474976710655.000000	4.566210	6831	64577470464.000000
281474976710655.000000	4.594613	6832	64578514944.000000
281474976710655.000000	4.537557	6833	64579559424.000000
281474976710655.000000	4.774074	6834	64580599808.000000
281474976710655.000000	4.580063	6835	64581652480.000000
281474976710655.000000	4.845001	6836	64582680576.000000
281474976710655.000000	4.521458	6837	64583741440.000000
281474976710655.000000	4.863409	6838	64584757248.000000
281474976710655.000000	4.491001	6839	64585830400.000000
281474976710655.000000	4.727482	6840	64586846208.000000
281474976710655.000000	4.702622	6841	64587919360.000000
281474976710655.000000	4.738079	6842	64588935168.000000
281474976710655.000000	4.579675	6843	64590004224.000000
281474976710655.000000	4.605485	6844	64591020032.000000
281474976710655.000000	4.678314	6845	64592089088.000000
281474976710655.000000	4.727770	6846	64593108992.000000
281474976710655.000000	4.710563	6847	64594173952.000000
281474976710655.000000	4.562330	6848	64595197952.000000
281474976710655.000000	4.563651	6849	64596258816.000000
281474976710655.000000	4.598034	6850	64597282816.000000
281474976710655.000000	4.692091	6851	64598343680.000000
281474976710655.000000	4.774557	6852	64599371776.000000
281474976710655.000000	4.610109	6853	64600428544.000000
281474976710655.000000	4.725104	6854	64601456640.000000
281474976710655.000000	4.580173	6855	64602517504.000000
281474976710655.000000	4.593416	6856	64603541504.000000
281474976710655.000000	4.637330	6857	64604606464.000000
281474976710655.000000	4.748157	6858	64605626368.000000
281474976710655.000000	4.529165	6859	64606695424.000000
281474976710655.000000	4.760370	6860	64607711232.000000
281474976710655.000000	4.663636	6861	64608780288.000000
281474976710655.000000	4.626841	6862	64609796096.000000
281474976710655.000000	4.610367	6863	64610869248.000000
281474976710655.000000	4.775138	6864	64611885056.000000
281474976710655.000000	4.651734	6865	64612950016.000000
281474976710655.000000	4.784880	6866	64613974016.000000
281474976710655.000000	4.444078	6867	64615034880.000000
281474976710655.000000	4.802113	6868	64616062976.000000
281474976710655.000000	4.640834	6869	64617111552.000000
281474976710655.000000	4.605556	6870	64618156032.000000
281474976710655.000000	4.772281	6871	64619196416.000000
281474976710655.000000	4.748971	6872	64620249088.000000
281474976710655.000000	4.524879	6873	64621281280.000000
281474976710655.000000	4.852416	6874	64622338048.000000
281474976710655.000000	4.711568	6875	64623366144.000000
281474976710655.000000	4.564252	6876	64624422912.000000
281474976710655.000000	4.655610	6877	64625451008.000000
281474976710655.000000	4.668814	6878	64626507776.000000
281474976710655.000000	4.710477	6879	64627539968.000000
281474976710655.000000	4.777084	6880	64628592640.000000
281474976710655.000000	4.835137	6881	64629624832.000000
281474976710655.000000	4.634356	6882	64630681600.000000
281474976710655.000000	4.725277	6883	64631709696.000000
281474976710655.000000	4.812504	6884	64632766464.000000
281474976710655.000000	4.705359	6885	64633798656.000000
281474976710655.000000	4.726614	6886	64634855424.000000
281474976710655.000000	4.630329	6887	64635883520.000000
281474976710655.000000	4.907535	6888	64636940288.000000
281474976710655.000000	4.797889	6889	64637972480.000000
281474976710655.000000	4.760673	6890	64639025152.000000
281474976710655.000000	4.730632	6891	64640061440.000000
281474976710655.000000	4.615252	6892	64641105920.000000
281474976710655.000000	4.330086	6893	64642150400.000000
281474976710655.000000	4.922843	6894	64643190784.000000
281474976710655.000000	4.760773	6895	64644243456.000000
281474976710655.000000	4.872405	6896	64645267456.000000
281474976710655.000000	4.566938	6897	64646332416.000000
281474976710655.000000	4.820158	6898	64647352320.000000
281474976710655.000000	4.713271	6899	64648421376.000000
281474976710655.000000	4.952711	6900	64649437184.000000
281474976710655.000000	4.705975	6901	64650510336.000000
281474976710655.000000	4.871865	6902	64651526144.000000
281474976710655.000000	4.670664	6903	64652595200.000000
281474976710655.000000	4.948858	6904	64653611008.000000
281474976710655.000000	4.772670	6905	64654680064.000000
281474976710655.000000	4.710266	6906	64655699968.000000
281474976710655.000000	4.896500	6907	64656764928.000000
281474976710655.000000	4.817710	6908	64657784832.000000
281474976710655.000000	4.700577	6909	64658849792.000000
281474976710655.000000	5.081052	6910	64659873792.000000
281474976710655.000000	4.867100	6911	64660938752.000000
281474976710655.000000	5.050322	6912	64661958656.000000
281474976710655.000000	4.841662	6913	64663023616.000000
281474976710655.000000	5.010695	6914	64664043520.000000
281474976710655.000000	4.845533	6915	64665112576.000000
281474976710655.000000	4.567659	6916	64666128384.000000
281474976710655.000000	4.779252	6917	64667197440.000000
281474976710655.000000	4.883157	6918	64668217344.000000
281474976710655.000000	4.909657	6919	64669282304.000000
281474976710655.000000	4.822216	6920	64670302208.000000
281474976710655.000000	4.708243	6921	64671367168.000000
281474976710655.000000	4.769029	6922	64672391168.000000
281474976710655.000000	4.807084	6923	64673447936.000000
281474976710655.000000	5.091648	6924	64674484224.000000
281474976710655.000000	4.683711	6925	64675528704.000000
281474976710655.000000	4.741703	6926	64676573184.000000
281474976710655.000000	5.009949	6927	64677613568.000000
281474976710655.000000	4.874410	6928	64678666240.000000
281474976710655.000000	4.842696	6929	64679694336.000000
281474976710655.000000	4.889252	6930	64680751104.000000
281474976710655.000000	4.905940	6931	64681783296.000000
281474976710655.000000	4.806305	6932	64682840064.000000
281474976710655.000000	4.784654	6933	64683868160.000000
281474976710655.000000	4.894191	6934	64684924928.000000
281474976710655.000000	4.917168	6935	64685957120.000000
281474976710655.000000	5.124121	6936	64687009792.000000
281474976710655.000000	4.542741	6937	64688046080.000000
281474976710655.000000	4.654180	6938	64689094656.000000
281474976710655.000000	4.984253	6939	64690130944.000000
281474976710655.000000	5.101272	6940	64691183616.000000
281474976710655.000000	5.083096	6941	64692215808.000000
281474976710655.000000	4.786808	6942	64693268480.000000
281474976710655.000000	4.717065	6943	64694304768.000000
281474976710655.000000	4.878958	6944	64695353344.000000
281474976710655.000000	5.075565	6945	64696393728.000000
281474976710655.000000	5.047309	6946	64697438208.000000
281474976710655.000000	4.788483	6947	64698482688.000000
281474976710655.000000	5.126224	6948	64699518976.000000
281474976710655.000000	4.857491	6949	64700571648.000000
281474976710655.000000	5.039829	6950	64701603840.000000
281474976710655.000000	4.778601	6951	64702664704.000000
281474976710655.000000	4.988055	6952	64703684608.000000
281474976710655.000000	4.888401	6953	64704753664.000000
281474976710655.000000	4.925382	6954	64705769472.000000
281474976710655.000000	4.871979	6955	64706838528.000000
281474976710655.000000	5.092658	6956	64707854336.000000
281474976710655.000000	4.829682	6957	64708923392.000000
281474976710655.000000	4.949789	6958	64709943296.000000
