crossing time (s)	slope (V/s)	crossing number
281474976710655.000000	5.741208	6595	7569147904.000000
281474976710655.000000	5.478653	6596	7570166272.000000
281474976710655.000000	6.789373	6597	7571229184.000000
281474976710655.000000	6.788938	6598	7572243456.000000
281474976710655.000000	6.164942	6599	7573303296.000000
281474976710655.000000	6.513759	6600	7574320640.000000
281474976710655.000000	6.122437	6601	7575377408.000000
281474976710655.000000	5.914190	6602	7576394752.000000
281474976710655.000000	6.548019	6603	7577459712.000000
281474976710655.000000	7.009712	6604	7578475520.000000
281474976710655.000000	6.233261	6605	7579530240.000000
281474976710655.000000	6.233453	6606	7580551168.000000
281474976710655.000000	6.790980	6607	7581612032.000000
281474976710655.000000	6.336492	6608	7582623744.000000
281474976710655.000000	6.625593	6609	7583688192.000000
281474976710655.000000	6.878131	6610	7584707072.000000
281474976710655.000000	6.370198	6611	7585758720.000000
281474976710655.000000	5.983283	6612	7586781184.000000
281474976710655.000000	7.128972	6613	7587838464.000000
281474976710655.000000	6.960988	6614	7588859904.000000
281474976710655.000000	6.662546	6615	7589910528.000000
281474976710655.000000	6.688135	6616	7590940672.000000
281474976710655.000000	6.835585	6617	7591984128.000000
281474976710655.000000	6.343639	6618	7593019904.000000
281474976710655.000000	7.149236	6619	7594060288.000000
281474976710655.000000	7.004708	6620	7595098624.000000
281474976710655.000000	7.039273	6621	7596132352.000000
281474976710655.000000	6.623515	6622	7597177344.000000
281474976710655.000000	6.579823	6623	7598209536.000000
281474976710655.000000	7.293745	6624	7599256064.000000
281474976710655.000000	7.016803	6625	7600286720.000000
281474976710655.000000	6.824107	6626	7601328640.000000
281474976710655.000000	6.900287	6627	7602368512.000000
281474976710655.000000	7.312853	6628	7603400704.000000
281474976710655.000000	6.740284	6629	7604449280.000000
281474976710655.000000	7.465344	6630	7605475328.000000
281474976710655.000000	6.662880	6631	7606527488.000000
281474976710655.000000	7.032682	6632	7607549440.000000
281474976710655.000000	6.998677	6633	7608607744.000000
281474976710655.000000	7.100522	6634	7609625600.000000
281474976710655.000000	7.292912	6635	7610682880.000000
281474976710655.000000	7.408192	6636	7611701248.000000
281474976710655.000000	6.835624	6637	7612760064.000000
281474976710655.000000	7.212974	6638	7613779968.000000
281474976710655.000000	7.262907	6639	7614837760.000000
281474976710655.000000	7.198483	6640	7615854080.000000
281474976710655.000000	7.393389	6641	7616914944.000000
281474976710655.000000	7.635243	6642	7617931264.000000
281474976710655.000000	7.012806	6643	7618991104.000000
281474976710655.000000	7.255598	6644	7620008960.000000
281474976710655.000000	7.495993	6645	7621068288.000000
281474976710655.000000	7.634361	6646	7622086656.000000
281474976710655.000000	7.361275	6647	7623141888.000000
281474976710655.000000	7.644765	6648	7624165376.000000
281474976710655.000000	7.402206	6649	7625217024.000000
281474976710655.000000	7.571924	6650	7626245120.000000
281474976710655.000000	7.312853	6651	7627290112.000000
281474976710655.000000	7.893583	6652	7628326400.000000
281474976710655.000000	7.679431	6653	7629362688.000000
281474976710655.000000	7.576434	6654	7630405120.000000
281474976710655.000000	7.666034	6655	7631438848.000000
281474976710655.000000	7.985940	6656	7632482304.000000
281474976710655.000000	7.752102	6657	7633515008.000000
281474976710655.000000	7.661577	6658	7634558976.000000
281474976710655.000000	7.805548	6659	7635593216.000000
281474976710655.000000	7.901695	6660	7636634112.000000
281474976710655.000000	7.924032	6661	7637671424.000000
281474976710655.000000	7.834566	6662	7638709760.000000
281474976710655.000000	8.219107	6663	7639750144.000000
281474976710655.000000	7.803517	6664	7640784384.000000
281474976710655.000000	7.960861	6665	7641828864.000000
281474976710655.000000	7.901517	6666	7642860544.000000
281474976710655.000000	8.217456	6667	7643906560.000000
281474976710655.000000	7.974474	6668	7644935680.000000
281474976710655.000000	8.208361	6669	7645984256.000000
281474976710655.000000	8.153366	6670	7647011840.000000
281474976710655.000000	7.986599	6671	7648060928.000000
281474976710655.000000	8.087568	6672	7649089024.000000
281474976710655.000000	8.322668	6673	7650137600.000000
281474976710655.000000	8.139208	6674	7651165696.000000
281474976710655.000000	8.339108	6675	7652214784.000000
281474976710655.000000	8.262208	6676	7653242368.000000
281474976710655.000000	8.243654	6677	7654290432.000000
281474976710655.000000	8.109690	6678	7655321088.000000
281474976710655.000000	8.535604	6679	7656366592.000000
281474976710655.000000	8.271299	6680	7657397760.000000
281474976710655.000000	8.392765	6681	7658442752.000000
281474976710655.000000	8.375313	6682	7659476480.000000
281474976710655.000000	8.539083	6683	7660517376.000000
281474976710655.000000	8.238308	6684	7661554688.000000
281474976710655.000000	8.604817	6685	7662593024.000000
281474976710655.000000	8.456344	6686	7663632384.000000
281474976710655.000000	8.429519	6687	7664668160.000000
281474976710655.000000	8.377645	6688	7665710080.000000
281474976710655.000000	8.566250	6689	7666744320.000000
281474976710655.000000	8.659401	6690	7667789312.000000
281474976710655.000000	8.524260	6691	7668820992.000000
281474976710655.000000	8.688766	6692	7669864448.000000
281474976710655.000000	8.566888	6693	7670899712.000000
281474976710655.000000	8.811875	6694	7671939072.000000
281474976710655.000000	8.494129	6695	7672979456.000000
281474976710655.000000	8.916130	6696	7674012672.000000
281474976710655.000000	8.518882	6697	7675058688.000000
281474976710655.000000	8.795077	6698	7676087296.000000
281474976710655.000000	8.584839	6699	7677139456.000000
281474976710655.000000	9.100203	6700	7678161408.000000
281474976710655.000000	8.670457	6701	7679217152.000000
281474976710655.000000	8.882086	6702	7680237056.000000
281474976710655.000000	8.853571	6703	7681294848.000000
281474976710655.000000	8.968457	6704	7682314240.000000
281474976710655.000000	8.833653	6705	7683372032.000000
281474976710655.000000	8.875757	6706	7684391936.000000
281474976710655.000000	8.960946	6707	7685448192.000000
281474976710655.000000	8.992399	6708	7686468608.000000
281474976710655.000000	8.878166	6709	7687525888.000000
281474976710655.000000	9.231387	6710	7688545280.000000
281474976710655.000000	8.990229	6711	7689602048.000000
281474976710655.000000	9.283369	6712	7690622976.000000
281474976710655.000000	9.057589	6713	7691676672.000000
281474976710655.000000	9.323901	6714	7692700672.000000
281474976710655.000000	9.004206	6715	7693752320.000000
281474976710655.000000	9.309930	6716	7694781440.000000
281474976710655.000000	9.055345	6717	7695826944.000000
281474976710655.000000	9.524046	6718	7696860160.000000
281474976710655.000000	9.254464	6719	7697899008.000000
281474976710655.000000	9.369806	6720	7698939392.000000
281474976710655.000000	9.243001	6721	7699975680.000000
281474976710655.000000	9.465881	6722	7701018112.000000
281474976710655.000000	9.237094	6723	7702051328.000000
281474976710655.000000	9.564191	6724	7703095296.000000
281474976710655.000000	9.435945	6725	7704128512.000000
281474976710655.000000	9.426060	6726	7705171968.000000
281474976710655.000000	9.404737	6727	7706205696.000000
281474976710655.000000	9.463698	6728	7707247616.000000
281474976710655.000000	9.466542	6729	7708283392.000000
281474976710655.000000	9.399009	6730	7709323776.000000
281474976710655.000000	9.699864	6731	7710361600.000000
281474976710655.000000	9.483209	6732	7711400448.000000
281474976710655.000000	9.714293	6733	7712438272.000000
281474976710655.000000	9.534233	6734	7713476096.000000
281474976710655.000000	9.685799	6735	7714515968.000000
281474976710655.000000	9.531470	6736	7715552768.000000
281474976710655.000000	9.790341	6737	7716593664.000000
281474976710655.000000	9.743982	6738	7717629440.000000
281474976710655.000000	9.917702	6739	7718670336.000000
281474976710655.000000	9.772310	6740	7719707136.000000
281474976710655.000000	9.864159	6741	7720746496.000000
281474976710655.000000	9.664043	6742	7721784320.000000
281474976710655.000000	9.925876	6743	7722822144.000000
281474976710655.000000	9.951912	6744	7723862016.000000
281474976710655.000000	9.962795	6745	7724898816.000000
281474976710655.000000	9.957192	6746	7725940224.000000
281474976710655.000000	10.000786	6747	7726973952.000000
281474976710655.000000	9.913760	6748	7728017920.000000
281474976710655.000000	9.949737	6749	7729050112.000000
281474976710655.000000	10.207850	6750	7730095616.000000
281474976710655.000000	9.881482	6751	7731126784.000000
281474976710655.000000	10.304819	6752	7732170752.000000
281474976710655.000000	9.894404	6753	7733206016.000000
281474976710655.000000	10.319969	6754	7734245376.000000
281474976710655.000000	9.923635	6755	7735284736.000000
281474976710655.000000	10.253654	6756	7736320000.000000
281474976710655.000000	10.004344	6757	7737365504.000000
281474976710655.000000	10.128249	6758	7738394624.000000
281474976710655.000000	10.148659	6759	7739443712.000000
281474976710655.000000	10.411090	6760	7740469760.000000
281474976710655.000000	10.056663	6761	7741522944.000000
281474976710655.000000	10.221529	6762	7742545408.000000
281474976710655.000000	10.200729	6763	7743600128.000000
281474976710655.000000	10.636992	6764	7744621056.000000
281474976710655.000000	10.460755	6765	7745677824.000000
281474976710655.000000	10.362719	6766	7746698240.000000
281474976710655.000000	10.456645	6767	7747755008.000000
281474976710655.000000	10.132331	6768	7748774400.000000
281474976710655.000000	10.313117	6769	7749831680.000000
281474976710655.000000	10.585448	6770	7750852096.000000
281474976710655.000000	10.454067	6771	7751908352.000000
281474976710655.000000	10.586839	6772	7752929280.000000
281474976710655.000000	10.406037	6773	7753983488.000000
281474976710655.000000	10.682611	6774	7755008000.000000
281474976710655.000000	10.560030	6775	7756059136.000000
281474976710655.000000	10.641133	6776	7757086720.000000
281474976710655.000000	10.245899	6777	7758135808.000000
281474976710655.000000	10.645405	6778	7759166464.000000
281474976710655.000000	10.779079	6779	7760206848.000000
281474976710655.000000	10.762714	6780	7761246208.000000
281474976710655.000000	10.460695	6781	7762283008.000000
281474976710655.000000	10.844706	6782	7763324928.000000
281474976710655.000000	10.428072	6783	7764358144.000000
281474976710655.000000	10.808919	6784	7765403136.000000
281474976710655.000000	10.828111	6785	7766433280.000000
281474976710655.000000	10.779881	6786	7767479808.000000
281474976710655.000000	10.886022	6787	7768510464.000000
281474976710655.000000	10.958743	6788	7769557504.000000
281474976710655.000000	11.058130	6789	7770588672.000000
281474976710655.000000	10.993016	6790	7771633664.000000
281474976710655.000000	10.953494	6791	7772665344.000000
281474976710655.000000	10.871448	6792	7773709824.000000
281474976710655.000000	11.101367	6793	7774742528.000000
281474976710655.000000	10.848407	6794	7775786496.000000
281474976710655.000000	11.181569	6795	7776820224.000000
281474976710655.000000	10.867850	6796	7777863168.000000
281474976710655.000000	11.203219	6797	7778896896.000000
281474976710655.000000	11.125467	6798	7779939840.000000
281474976710655.000000	11.851715	6799	7780975104.000000
281474976710655.000000	10.891706	6800	7782014976.000000
281474976710655.000000	10.980104	6801	7783050240.000000
281474976710655.000000	11.300907	6802	7784093184.000000
281474976710655.000000	11.210081	6803	7785128960.000000
281474976710655.000000	11.408236	6804	7786169856.000000
281474976710655.000000	11.111064	6805	7787205632.000000
281474976710655.000000	11.380390	6806	7788246528.000000
281474976710655.000000	11.285906	6807	7789282304.000000
281474976710655.000000	11.603921	6808	7790323200.000000
281474976710655.000000	11.510984	6809	7791360000.000000
281474976710655.000000	11.423227	6810	7792398336.000000
281474976710655.000000	11.362179	6811	7793438720.000000
281474976710655.000000	11.652476	6812	7794474496.000000
281474976710655.000000	11.403677	6813	7795517440.000000
281474976710655.000000	11.606450	6814	7796548608.000000
281474976710655.000000	11.414433	6815	7797597184.000000
281474976710655.000000	11.553741	6816	7798622208.000000
281474976710655.000000	11.474810	6817	7799677440.000000
281474976710655.000000	11.609394	6818	7800697856.000000
281474976710655.000000	11.220181	6819	7801754112.000000
281474976710655.000000	11.567306	6820	7802774016.000000
281474976710655.000000	11.518412	6821	7803831808.000000
281474976710655.000000	11.466089	6822	7804850688.000000
281474976710655.000000	11.430930	6823	7805908992.000000
281474976710655.000000	11.422876	6824	7806927360.000000
281474976710655.000000	11.762587	6825	7807986176.000000
281474976710655.000000	11.661805	6826	7809005056.000000
281474976710655.000000	11.721831	6827	7810062848.000000
281474976710655.000000	11.521014	6828	7811082240.000000
281474976710655.000000	11.768880	6829	7812137984.000000
281474976710655.000000	11.955628	6830	7813160448.000000
281474976710655.000000	11.926652	6831	7814214144.000000
281474976710655.000000	11.787206	6832	7815238144.000000
281474976710655.000000	11.462507	6833	7816289792.000000
281474976710655.000000	12.255820	6834	7817317376.000000
281474976710655.000000	11.749801	6835	7818363904.000000
281474976710655.000000	12.237524	6836	7819396608.000000
281474976710655.000000	11.993742	6837	7820439552.000000
281474976710655.000000	11.904572	6838	7821474816.000000
281474976710655.000000	11.793358	6839	7822515200.000000
281474976710655.000000	12.115378	6840	7823553024.000000
281474976710655.000000	11.992069	6841	7824591360.000000
281474976710655.000000	11.689661	6842	7825630208.000000
281474976710655.000000	12.278894	6843	7826668032.000000
281474976710655.000000	12.191483	6844	7827707904.000000
281474976710655.000000	12.058751	6845	7828745216.000000
281474976710655.000000	12.118470	6846	7829784064.000000
281474976710655.000000	12.148064	6847	7830821888.000000
281474976710655.000000	12.027062	6848	7831860736.000000
281474976710655.000000	12.018784	6849	7832899072.000000
281474976710655.000000	12.163444	6850	7833937408.000000
281474976710655.000000	12.224606	6851	7834976256.000000
281474976710655.000000	12.061756	6852	7836014592.000000
281474976710655.000000	12.318414	6853	7837052928.000000
281474976710655.000000	12.131571	6854	7838091264.000000
281474976710655.000000	12.013096	6855	7839129600.000000
281474976710655.000000	12.362337	6856	7840168448.000000
281474976710655.000000	12.608942	6857	7841206784.000000
281474976710655.000000	12.339350	6858	7842246656.000000
281474976710655.000000	12.422035	6859	7843282432.000000
281474976710655.000000	12.572440	6860	7844323328.000000
281474976710655.000000	12.524487	6861	7845360640.000000
281474976710655.000000	12.419839	6862	7846399488.000000
281474976710655.000000	12.562413	6863	7847437312.000000
281474976710655.000000	12.746042	6864	7848475648.000000
281474976710655.000000	12.712171	6865	7849516032.000000
281474976710655.000000	12.755461	6866	7850550784.000000
281474976710655.000000	12.446099	6867	7851595264.000000
281474976710655.000000	12.606251	6868	7852625408.000000
281474976710655.000000	12.351367	6869	7853673984.000000
281474976710655.000000	12.507151	6870	7854700544.000000
281474976710655.000000	12.157883	6871	7855752192.000000
281474976710655.000000	12.719351	6872	7856776192.000000
281474976710655.000000	12.391983	6873	7857830912.000000
281474976710655.000000	12.591517	6874	7858852352.000000
281474976710655.000000	12.457438	6875	7859909120.000000
281474976710655.000000	12.171921	6876	7860929024.000000
281474976710655.000000	12.740678	6877	7861985280.000000
281474976710655.000000	12.669247	6878	7863006208.000000
281474976710655.000000	13.001520	6879	7864062464.000000
281474976710655.000000	12.623807	6880	7865082880.000000
281474976710655.000000	12.966371	6881	7866139136.000000
281474976710655.000000	12.621279	6882	7867160576.000000
281474976710655.000000	12.888676	6883	7868215808.000000
281474976710655.000000	12.337613	6884	7869238272.000000
281474976710655.000000	12.865195	6885	7870290944.000000
281474976710655.000000	12.834656	6886	7871316480.000000
281474976710655.000000	12.760037	6887	7872368128.000000
281474976710655.000000	12.790648	6888	7873394176.000000
281474976710655.000000	12.952061	6889	7874442752.000000
281474976710655.000000	12.962164	6890	7875472896.000000
281474976710655.000000	12.722621	6891	7876517888.000000
