num crossings	time (s)	maj axis (mm)	min axis (mm)	theta (rad )	slope (V/s)
7707	65500.399816	41.355679	-16.535064	2.852858	2.728080
7709	65502.481793	41.050803	-16.533050	2.849921	2.753428
7711	65504.583383	41.161400	-15.858468	2.831127	2.318099
7713	65506.667250	41.009724	-17.356892	2.833600	3.145849
7715	65508.759490	41.210859	-16.007770	2.849126	2.383011
7717	65510.841615	41.272534	-17.126784	2.819266	2.431157
7719	65512.921934	41.783002	-16.551008	2.828223	2.252558
7721	65514.996239	41.630610	-18.804706	2.856952	2.701803
7723	65517.073765	41.566900	-16.004843	2.846999	2.478220
7725	65519.166371	41.180016	-16.202737	2.847684	2.872043
7727	65521.264692	42.441344	15.711622	2.783428	2.655402
7729	65523.360458	41.408195	-16.292232	2.821891	2.972796
7731	65525.452408	41.598912	-15.606974	2.832726	2.643942
7733	65527.532051	41.434865	-15.631371	2.836797	2.908104
7735	65529.615721	41.486966	-16.558724	2.803289	2.418957
7737	65531.696596	42.489637	-17.536659	2.847226	2.533001
7739	65533.776501	43.174972	15.396072	2.764770	2.368697
7741	65535.862051	41.636131	-15.466417	2.835526	2.550861
7743	65537.944960	41.833008	-16.399082	2.800220	2.576486
7745	65540.031360	41.213342	-18.228468	2.826592	2.775312
7747	65542.118410	41.676574	-15.310644	2.829042	2.669679
7749	65544.202509	42.107922	-16.294406	2.796598	2.765531
7751	65546.292163	42.387463	-16.152842	2.799518	2.903726
7753	65548.377278	42.350696	-16.090144	2.797754	2.357721
7755	65550.464897	42.146542	-15.325417	2.812676	2.734534
7757	65552.554173	42.117856	-15.580674	2.801434	2.935600
7759	65554.641424	42.427841	-15.902465	2.787246	2.567159
7761	65556.732005	41.836282	-18.667663	2.825906	2.875009
7763	65558.822570	43.759810	14.835552	2.748964	2.619631
7765	65560.914606	42.089098	-15.314120	2.796080	2.524970
7767	65563.007523	42.536979	-15.291693	2.793283	2.953268
7769	65565.098549	42.330102	-15.224245	2.799057	2.770528
7771	65567.178567	44.785422	-15.543057	2.819489	2.985348
7773	65569.263019	42.386678	-14.814036	2.807629	2.892890
7775	65571.338744	42.753958	-16.153268	2.761660	3.053989
7777	65573.419466	42.991768	-16.155973	2.754270	2.872180
7779	65575.504881	42.222932	-15.819505	2.780662	2.894779
7781	65577.595823	42.401869	-15.604566	2.764312	3.109640
7783	65579.687830	42.329378	-14.773937	2.781566	2.892288
7785	65581.779319	41.999278	-14.713620	2.786866	2.687249
7787	65583.871225	42.488269	-15.491312	2.751450	2.900724
7789	65585.960499	43.967075	-17.972982	2.833932	2.910583
7791	65588.047904	42.534063	-15.530416	2.747906	3.019692
7793	65590.135810	43.016489	-15.138640	2.760749	2.973134
7795	65592.221408	42.637184	-14.645972	2.774043	3.023785
7797	65594.308709	44.351955	13.998136	2.719094	3.158321
7799	65596.396155	42.344915	-14.395880	2.777424	3.152766
7801	65598.482626	42.888421	-14.765210	2.760196	3.174460
7803	65600.569323	43.324149	-15.008300	2.746060	3.127721
7805	65602.655606	42.993054	-14.619124	2.753978	3.011802
7807	65604.742133	42.981904	-14.585464	2.751079	2.999959
7809	65606.828953	43.051327	-14.541748	2.748826	3.264524
7811	65608.914076	42.925915	-14.244877	2.756912	3.064344
7813	65610.999172	44.862312	13.742701	2.704865	3.040308
7815	65613.083637	44.866324	13.814994	2.703806	3.024174
7817	65615.166276	43.169330	-15.004761	2.721326	2.980334
7819	65617.247895	45.230832	-15.918530	2.785554	3.048058
7821	65619.329697	42.990843	-14.187364	2.754917	2.942911
7823	65621.410718	44.750376	13.681771	2.698903	3.050605
7825	65623.495947	44.959372	13.628924	2.701222	3.190815
7827	65625.586196	44.841006	13.785018	2.702555	3.301302
7829	65627.680444	43.262329	-15.043966	2.712955	3.297958
7831	65629.776296	43.853050	-12.161138	2.721885	3.450644
7833	65631.866344	42.743926	-13.684530	2.743091	3.320414
7835	65633.953490	44.564565	13.391763	2.685180	3.455809
7837	65636.040443	44.967624	13.352611	2.685298	3.326882
7839	65638.124950	43.054655	-13.906372	2.732815	3.145869
7841	65640.208938	43.090151	-13.886021	2.731498	3.279047
7843	65642.295692	45.215299	13.333929	2.681822	3.214429
7845	65644.381213	45.266191	13.296905	2.682524	3.197682
7847	65646.471651	43.022222	-13.779754	2.728588	3.159771
7849	65648.559610	43.544447	-14.507894	2.691846	3.403719
7851	65650.647367	44.430236	-16.709603	2.766360	3.263951
7853	65652.734873	43.660652	-13.750708	2.718433	3.286600
7855	65654.821252	43.646949	-13.766244	2.722387	3.314993
7857	65656.901589	44.017809	-14.643639	2.678671	3.498943
7859	65658.983885	44.309737	-14.397774	2.692439	3.374968
7861	65661.061678	43.427346	-12.250065	2.689128	3.594038
7863	65663.144059	43.606191	-13.336129	2.708527	3.532163
7865	65665.231234	43.854421	-14.322333	2.685293	3.394720
7867	65667.320554	44.099054	-14.068896	2.682835	3.182947
7869	65669.411226	43.394110	-16.452071	2.723319	3.166221
7871	65671.500074	43.768384	-13.565538	2.694235	3.301325
7873	65673.589125	43.788650	-13.359427	2.698867	3.299239
7875	65675.676137	43.794454	-14.059803	2.669643	3.265670
7877	65677.762481	43.907750	-13.303204	2.695804	3.140282
7879	65679.848717	44.050197	-13.997737	2.665255	3.301517
7881	65681.934713	44.030764	-13.277310	2.691905	3.162382
7883	65684.018411	43.799127	-13.300126	2.693296	3.397824
7885	65686.101953	44.179716	-13.873496	2.661184	3.339727
7887	65688.184870	43.341498	-15.699886	2.691747	3.186493
7889	65690.268374	44.238706	-13.833381	2.657633	3.472208
7891	65692.357164	44.062459	-13.246700	2.686194	3.302828
7893	65694.448833	43.941532	-12.481727	2.665536	3.427699
7895	65696.541777	43.937476	-13.276180	2.673295	3.694391
7897	65698.635101	43.852188	-12.882289	2.680940	3.672275
7899	65700.724240	45.673295	12.506340	2.637366	3.386478
7901	65702.811761	44.252412	-13.319176	2.666248	3.559572
7903	65704.898594	44.326708	-13.125808	2.662847	3.641838
7905	65706.984074	45.264374	-14.587291	2.706255	3.476636
7907	65709.070830	43.846908	-12.998348	2.671760	3.393440
7909	65711.157295	43.824165	-12.971055	2.670856	3.317177
7911	65713.243423	44.356210	-13.051533	2.662110	3.435530
7913	65715.330861	44.416986	-12.963514	2.661612	3.678276
7915	65717.418640	44.752668	-13.022628	2.658536	3.517362
7917	65719.504041	44.652275	-12.917727	2.661240	3.601954
7919	65721.585715	44.615194	-12.853168	2.663800	3.720958
7921	65723.666492	44.885292	-13.787624	2.623832	3.742410
7923	65725.746220	44.788622	-12.908062	2.644517	3.568206
7925	65727.828888	44.842430	-13.547807	2.630106	3.465165
7927	65729.914353	43.757186	-13.546278	2.648961	3.627801
7929	65732.001291	44.461095	-12.880543	2.641781	3.603800
7931	65734.089282	44.832585	-13.061301	2.632512	3.368168
7933	65736.179294	44.491946	-12.545205	2.647082	3.377863
7935	65738.265780	44.601145	-12.737635	2.638354	3.410478
7937	65740.352431	44.933433	-12.790045	2.632067	3.262129
7939	65742.438822	45.038837	-12.746316	2.631114	3.397866
7941	65744.524417	44.444464	-15.111925	2.664206	3.463284
7943	65746.609309	44.791831	-12.586029	2.634672	3.475955
7945	65748.693736	44.148280	-14.623896	2.650833	3.472336
7947	65750.778614	44.678873	-12.491257	2.633750	3.498609
7949	65752.866418	44.713902	-12.564977	2.633979	3.613636
7951	65754.958116	44.488316	-12.502333	2.634701	3.525723
7953	65757.049744	45.079758	-13.348293	2.598728	3.854508
7955	65759.144339	45.200283	-10.936638	2.620977	3.767451
7957	65761.233219	45.160931	-13.430635	2.596352	3.879402
7959	65763.322299	45.374942	-13.088052	2.599267	3.720003
7961	65765.408532	45.467490	-13.080944	2.644436	3.784782
7963	65767.495252	44.473280	-12.378072	2.622041	3.650336
7965	65769.581149	44.970819	-12.492380	2.613576	3.715274
7967	65771.667933	45.344772	-12.542723	2.606723	3.749113
7969	65773.754503	44.820704	-12.274065	2.617036	3.599525
7971	65775.841061	44.541132	-12.367957	2.617838	3.834902
7973	65777.926740	45.165836	-12.280849	2.610866	3.820164
7975	65780.009637	45.556735	-12.210136	2.608221	3.817095
7977	65782.092070	45.664484	-12.237754	2.621586	3.856347
7979	65784.173002	45.283481	-12.355391	2.599204	3.650701
7981	65786.254368	44.691716	-11.140808	2.591235	3.779806
7983	65788.339036	46.779126	11.582153	2.566953	3.689333
7985	65790.423756	44.835865	-11.984546	2.600261	3.601896
7987	65792.511069	46.874320	11.465538	2.560594	3.543780
7989	65794.599190	45.052403	-12.210468	2.592175	3.836637
7991	65796.685701	45.142019	-11.993131	2.597424	3.786176
7993	65798.772504	45.035375	-12.101012	2.590201	3.688708
7995	65800.860489	45.029456	-11.980541	2.595695	3.484365
7997	65802.945237	45.204035	-12.047247	2.589197	3.557929
7999	65805.030820	45.089682	-12.007510	2.593588	3.898243
8001	65807.116316	45.124828	-11.937024	2.587717	3.717958
8003	65809.205228	45.452093	-11.948367	2.589022	3.906632
8005	65811.294093	45.461290	-12.278131	2.592556	3.758881
