time (s)	energy (uJ)	charge (mC)	voltage (mV)	crossing#mod 255
64051.104952	10.470057	0.009150	1.144222	184
64052.148974	9.483433	0.009161	1.035205	185
64053.190836	11.976641	0.009158	1.307835	186
64054.221021	12.682995	0.009165	1.383811	187
64055.279499	11.305544	0.009158	1.234566	188
64056.307609	12.242424	0.009157	1.336971	189
64057.355641	11.202089	0.009171	1.221421	190
64058.404169	11.750424	0.009150	1.284156	191
64059.453617	9.978734	0.009160	1.089426	192
64060.495762	11.259336	0.009166	1.228314	193
64061.525716	10.633205	0.009168	1.159837	194
64062.579846	13.230749	0.009171	1.442598	195
64063.608490	11.822914	0.009177	1.288290	196
64064.677093	10.865801	0.009175	1.184241	197
64065.703676	9.531079	0.009193	1.036758	198
64066.758283	12.094424	0.009164	1.319789	199
64067.782851	11.225050	0.009144	1.227624	200
64068.841400	12.889434	0.009162	1.406808	201
64069.869794	10.530503	0.009156	1.150117	202
64070.929969	11.727533	0.009212	1.273114	203
64071.964009	10.884720	0.009180	1.185724	204
64073.004015	13.001470	0.009173	1.417440	205
64074.051823	10.766401	0.009148	1.176917	206
64075.090730	12.112819	0.009156	1.323000	207
64076.150536	10.241124	0.009151	1.119178	208
64077.174722	12.239485	0.009161	1.336001	209
64078.231368	10.801047	0.009161	1.179021	210
64079.267325	10.281638	0.009200	1.117572	211
64080.319895	11.396547	0.009166	1.243324	212
64081.350389	11.907830	0.009167	1.299054	213
64082.390863	13.001491	0.009174	1.417271	214
64083.451743	9.850043	0.009157	1.075635	215
64084.477886	11.460352	0.009138	1.254125	216
64085.541910	10.907228	0.009170	1.189477	217
64086.547951	12.879637	0.009172	1.404290	218
64087.633961	10.830884	0.009159	1.182563	219
64088.640168	11.129158	0.009157	1.215407	220
64089.716159	12.055185	0.009168	1.314899	221
64090.734668	10.986384	0.009154	1.200236	222
64091.786781	12.303802	0.009147	1.345166	223
64092.835369	10.328810	0.009165	1.127012	224
64093.863410	12.970392	0.009172	1.414091	225
64094.923553	10.755293	0.009179	1.171728	226
64095.951171	11.337710	0.009136	1.240983	227
64097.013587	11.197347	0.009158	1.222688	228
64098.044207	11.388242	0.009158	1.243580	229
64099.090337	11.875225	0.009150	1.297881	230
64100.134983	10.771873	0.009135	1.179218	231
64101.177298	11.045356	0.009164	1.205263	232
64102.229871	10.641846	0.009170	1.160477	233
64103.247750	12.603056	0.009159	1.376044	234
64104.318781	10.468036	0.009167	1.141935	235
64105.331621	12.197330	0.009156	1.332161	236
64106.411646	10.910747	0.009165	1.190496	237
64107.421940	12.035100	0.009157	1.314268	238
64108.496301	10.701571	0.009167	1.167389	239
64109.506315	11.565815	0.009154	1.263524	240
64110.583990	11.044211	0.009151	1.206885	241
64111.597416	11.064745	0.009160	1.207932	242
64112.669956	11.230232	0.009170	1.224698	243
64113.677909	11.621364	0.009162	1.268497	244
64114.741365	12.317402	0.009146	1.346772	245
64115.767261	11.052300	0.009139	1.209318	246
64116.848545	10.665967	0.009129	1.168340	247
64117.850364	11.883170	0.009156	1.297875	248
64118.928682	10.980163	0.009171	1.197269	249
64119.940741	11.130669	0.009172	1.213552	250
64121.018725	10.946899	0.009159	1.195154	251
64122.023291	11.631502	0.009173	1.267989	252
64123.102612	10.749898	0.009155	1.174255	253
64124.111905	11.981527	0.009170	1.306637	254
64125.195923	10.824148	0.009169	1.180551	255
64126.197847	11.686756	0.009150	1.277185	0
64127.277193	11.598463	0.009128	1.270609	1
64128.285988	12.051937	0.009185	1.312077	2
64129.362099	10.431724	0.009159	1.138991	3
64130.376683	11.739935	0.009184	1.278309	4
64131.446577	10.126263	0.009161	1.105347	5
64132.463568	11.819046	0.009151	1.291580	6
64133.527629	10.466159	0.009163	1.142248	7
64134.559626	11.288498	0.009158	1.232683	8
64135.606097	11.383338	0.009156	1.243242	9
64136.646680	11.096897	0.009155	1.212071	10
64137.690755	11.501275	0.009170	1.254245	11
64138.732888	10.523820	0.009144	1.150849	12
64139.779416	11.991122	0.009174	1.307062	13
64140.817486	9.918815	0.009164	1.082362	14
64141.872076	12.100992	0.009149	1.322614	15
64142.888146	10.954415	0.009177	1.193622	16
64143.966457	11.991106	0.009157	1.309552	17
64144.970705	11.286577	0.009165	1.231452	18
64146.054723	11.576915	0.009173	1.262072	19
64147.058775	11.180742	0.009164	1.220114	20
64148.142938	10.987161	0.009149	1.200938	21
64149.149020	11.290471	0.009171	1.231128	22
64150.225055	10.349459	0.009156	1.130362	23
64151.238056	11.559276	0.009170	1.260554	24
64152.313334	9.938085	0.009144	1.086883	25
64153.329180	11.860670	0.009167	1.293774	26
64154.391165	10.683219	0.009150	1.167612	27
64155.422124	11.332343	0.009128	1.241529	28
64156.473861	10.629514	0.009151	1.161551	29
64157.510832	11.202025	0.009154	1.223775	30
64158.560420	10.806436	0.009152	1.180712	31
64159.596696	11.339957	0.009153	1.238972	32
64160.645076	10.944345	0.009161	1.194688	33
64161.687255	10.747819	0.009161	1.173247	34
64162.732056	11.210135	0.009158	1.224088	35
64163.772356	11.385612	0.009236	1.232702	36
64164.814321	11.305027	0.009169	1.232940	37
64165.859254	10.961325	0.009156	1.197204	38
64166.899828	11.309673	0.009148	1.236268	39
64167.947986	11.043327	0.009201	1.200250	40
64168.983988	11.439088	0.009168	1.247689	41
64170.035023	11.087033	0.009157	1.210819	42
64171.073514	10.672149	0.009160	1.165077	43
64172.117639	11.471383	0.009156	1.252842	44
64173.158429	10.887502	0.009138	1.191432	45
64174.206593	11.311115	0.009171	1.233335	46
64175.248680	10.606098	0.009173	1.156229	47
64176.295277	10.896635	0.009151	1.190823	48
64177.336569	10.699275	0.009156	1.168508	49
64178.378897	11.182455	0.009184	1.217625	50
64179.424905	10.565672	0.009160	1.153398	51
64180.458952	11.535211	0.009161	1.259154	52
64181.515570	10.464394	0.009176	1.140446	53
64182.541588	11.694845	0.009166	1.275939	54
64183.603426	10.808083	0.009149	1.181280	55
64184.622253	11.674093	0.009175	1.272439	56
64185.696257	10.566990	0.009154	1.154410	57
64186.704123	11.670862	0.009153	1.275126	58
64187.784843	10.878382	0.009162	1.187369	59
64188.794927	10.654092	0.009156	1.163563	60
64189.871461	11.132500	0.009167	1.214381	61
64190.881979	10.819581	0.009152	1.182204	62
64191.948961	11.839991	0.009160	1.292539	63
64192.974886	10.722704	0.009156	1.171155	64
64194.024924	12.441602	0.009167	1.357180	65
64195.067011	10.680740	0.009171	1.164592	66
64196.103036	12.517434	0.009148	1.368284	67
64197.161056	10.442967	0.009150	1.141318	68
64198.195302	11.219094	0.009154	1.225574	69
64199.245981	11.126042	0.009152	1.215638	70
64200.286167	10.589808	0.009140	1.158565	71
64201.330123	11.399130	0.009172	1.242843	72
64202.370250	10.695112	0.009145	1.169526	73
64203.414763	11.124946	0.009176	1.212448	74
64204.458108	10.781320	0.009144	1.179016	75
64205.500676	11.425097	0.009159	1.247437	76
64206.544879	10.891315	0.009156	1.189558	77
64207.587250	11.434229	0.009158	1.248514	78
64208.636030	10.357904	0.009164	1.130295	79
64209.676658	10.481210	0.009147	1.145830	80
64210.718608	10.702019	0.009163	1.167950	81
64211.760673	11.378390	0.009159	1.242278	82
64212.803206	10.769248	0.009173	1.174067	83
64213.847303	11.540816	0.009170	1.258511	84
64214.888244	10.848835	0.009157	1.184753	85
64215.938344	11.158373	0.009172	1.216609	86
64216.974455	10.934769	0.009194	1.189398	87
64218.029028	10.573257	0.009156	1.154835	88
64219.058988	10.964277	0.009154	1.197792	89
64220.110997	10.835556	0.009149	1.184375	90
64221.145207	11.737070	0.009186	1.277689	91
64222.195216	10.307734	0.009178	1.123096	92
64223.237350	11.714109	0.009209	1.272074	93
64224.271890	10.835348	0.009172	1.181385	94
64225.327943	11.779197	0.009150	1.287297	95
64226.352457	10.841989	0.009178	1.181366	96
64227.422286	11.226462	0.009131	1.229462	97
64228.438242	10.560535	0.009153	1.153795	98
64229.510974	11.290492	0.009155	1.233245	99
64230.521955	11.082903	0.009169	1.208792	100
64231.599946	10.505664	0.009153	1.147727	101
64232.607806	11.266254	0.009141	1.232461	102
64233.684065	10.654334	0.009174	1.161308	103
64234.698702	11.291335	0.009168	1.231578	104
64235.765621	10.811010	0.009161	1.180052	105
64236.784660	11.630108	0.009175	1.267646	106
64237.850636	10.630448	0.009159	1.160706	107
64238.876796	11.223150	0.009149	1.226711	108
64239.940762	10.150064	0.009168	1.107112	109
64240.962792	11.340560	0.009183	1.234910	110
64242.024701	10.370256	0.009157	1.132485	111
64243.048676	11.365495	0.009144	1.242933	112
64244.109327	10.861176	0.009150	1.187035	113
64245.132360	11.544214	0.009172	1.258633	114
64246.198277	10.483873	0.009136	1.147522	115
64247.222471	10.773729	0.009126	1.180528	116
64248.286492	10.565853	0.009164	1.152941	117
64249.304597	11.028122	0.009159	1.204036	118
64250.379173	10.312267	0.009145	1.127676	119
64251.389236	10.983091	0.009173	1.197299	120
64252.460793	11.147182	0.009156	1.217516	121
64253.472274	11.013001	0.009171	1.200900	122
64254.549950	10.954063	0.009125	1.200442	123
64255.560921	10.594558	0.009178	1.154292	124
64256.637537	10.868007	0.009153	1.187346	125
64257.654417	10.135694	0.009178	1.104372	126
64258.706482	12.328629	0.009182	1.342655	127
64259.746568	10.205967	0.009155	1.114761	128
64260.788422	12.160143	0.009150	1.329038	129
64261.836591	10.345160	0.009159	1.129501	130
64262.875378	11.515878	0.009158	1.257528	131
64263.925624	10.749711	0.009171	1.172142	132
64264.961109	11.226379	0.009132	1.229333	133
64266.014629	10.744573	0.009159	1.173152	134
64267.049006	10.680857	0.009158	1.166234	135
64268.099251	10.855665	0.009160	1.185101	136
64269.131292	11.360604	0.009160	1.240306	137
64270.183354	11.119637	0.009169	1.212801	138
64271.220642	11.000748	0.009149	1.202397	139
64272.273636	10.728405	0.009152	1.172261	140
64273.327008	8.676745	0.009149	0.948343	141
64274.357536	11.068655	0.009164	1.207796	142
64275.394141	10.917962	0.009176	1.189901	143
64276.446613	10.730384	0.009153	1.172372	144
64277.478702	10.539524	0.009176	1.148561	145
64278.530832	10.987892	0.009146	1.201344	146
64279.564221	11.065513	0.009129	1.212075	147
64280.620831	10.484532	0.009155	1.145197	148
64281.648889	11.677032	0.009163	1.274323	149
64282.704981	10.438104	0.009175	1.137675	150
64283.737523	11.887975	0.009176	1.295584	151
64284.792535	9.771973	0.009169	1.065748	152
64285.830511	11.598549	0.009170	1.264776	153
64286.871429	10.042310	0.009157	1.096640	154
64287.923551	11.481444	0.009167	1.252534	155
64288.951641	10.173450	0.009167	1.109819	156
64290.013423	11.491295	0.009156	1.255089	157
64291.032214	10.620142	0.009206	1.153557	158
64292.108269	10.769877	0.009178	1.173382	159
64293.118135	10.389449	0.009149	1.135629	160
64294.192238	11.006656	0.009166	1.200751	161
64295.204849	10.675288	0.009178	1.163170	162
64296.278979	78.459816	0.009167	8.558554	163
64297.293587	10.638521	0.009164	1.160871	164
64298.363682	10.523150	0.009148	1.150287	165
64299.379621	11.182373	0.009143	1.223014	166
64300.452244	10.320744	0.009159	1.126848	167
64301.464711	11.116770	0.009188	1.209942	168
64302.534730	10.523977	0.009158	1.149177	169
64303.552901	10.866386	0.009157	1.186686	170
64304.625517	10.171353	0.009166	1.109628	171
64305.635467	11.196123	0.009157	1.222667	172
64306.707637	10.731771	0.009185	1.168379	173
64307.723623	10.847871	0.009178	1.181964	174
64308.796245	10.694803	0.009153	1.168435	175
64309.810277	10.633061	0.009164	1.160254	176
64310.884872	10.790391	0.009157	1.178386	177
64311.896761	10.424532	0.009149	1.139405	178
64312.969914	11.018699	0.009150	1.204214	179
64313.981861	10.550938	0.009144	1.153892	180
64315.051891	11.519223	0.009155	1.258307	181
64316.071888	10.272964	0.009142	1.123765	182
64317.132048	11.710973	0.009177	1.276092	183
64318.164134	10.287033	0.009166	1.122321	184
64319.208213	12.402248	0.009153	1.354975	185
64320.258092	9.963515	0.009158	1.087951	186
64321.298195	11.097044	0.009155	1.212144	187
64322.346227	10.393696	0.009173	1.133101	188
64323.378322	11.322707	0.009171	1.234664	189
64324.436173	10.312420	0.009161	1.125671	190
64325.467776	10.903183	0.009137	1.193302	191
64326.520433	10.640409	0.009147	1.163288	192
64327.554962	10.720972	0.009151	1.171619	193
64328.609920	10.358695	0.009133	1.134153	194
64329.641596	10.738157	0.009148	1.173807	195
64330.694846	10.666556	0.009161	1.164384	196
64331.727078	10.813929	0.009156	1.181135	197
64332.779633	10.727487	0.009143	1.173355	198
64333.812819	11.101052	0.009170	1.210637	199
64334.870880	10.302220	0.009159	1.124847	200
64335.900708	10.751301	0.009142	1.176004	201
64336.952963	10.652794	0.009179	1.160604	202
64337.987031	10.961816	0.009166	1.195964	203
64339.041597	10.287868	0.009163	1.122730	204
64340.074044	10.774976	0.009139	1.178977	205
64341.126188	9.913780	0.009173	1.080795	206
64342.160430	11.573421	0.009147	1.265210	207
64343.208853	9.878425	0.009176	1.076519	208
64344.254683	11.274798	0.009149	1.232350	209
64345.293429	9.571583	0.009138	1.047439	210
64346.348048	10.988543	0.009153	1.200541	211
64347.365414	11.046863	0.009151	1.207122	212
64348.434519	11.445083	0.009164	1.248886	213
64349.456717	9.937282	0.009146	1.086469	214
64350.523174	11.271796	0.009157	1.230964	215
64351.535109	10.664514	0.009153	1.165119	216
64352.615667	10.655305	0.009159	1.163342	217
64353.625285	10.958759	0.009182	1.193488	218
64354.697167	10.819913	0.009142	1.183515	219
64355.713221	10.459940	0.009161	1.141729	220
64356.787980	10.339417	0.009172	1.127226	221
64357.798980	10.808144	0.009167	1.178990	222
64358.870932	10.734758	0.009155	1.172567	223
64359.882926	10.199258	0.009156	1.113893	224
64360.955082	10.926089	0.009174	1.191001	225
64361.973585	10.495858	0.009165	1.145246	226
64363.044172	10.525435	0.009181	1.146482	227
64364.058249	10.546104	0.009167	1.150441	228
