time (s)	coil I (A)	last det (V)	int current (uC)
64051.104987	0.597152	-356.738281	-38.378906
64051.108988	0.833903	-356.738281	-38.378906
64051.110990	0.831852	9.150374	0.144895
64052.148974	0.835070	-141.796875	267.480469
64052.150976	0.832811	9.160920	0.363220
64053.190989	0.798116	-377.246094	-33.007812
64053.192993	0.835142	-377.246094	-33.007812
64053.194992	0.832510	9.157605	0.157944
64054.221021	0.835931	-149.902344	237.695312
64054.223024	0.833206	9.165262	0.174485
64055.279568	0.749388	-369.335937	-29.785156
64055.281571	0.835366	-369.335937	-29.785156
64055.283570	0.832501	9.157508	0.156391
64056.307686	0.753099	-145.605469	274.414062
64056.309687	0.835477	-145.605469	274.414062
64056.311688	0.832439	9.156835	0.168405
64057.355680	0.644149	-379.882812	-26.660156
64057.357681	0.837465	-379.882812	-26.660156
64057.359681	0.833760	9.171360	0.152190
64058.401657	0.833613	-144.531250	296.875000
64058.403657	0.834065	-144.531250	296.875000
64058.405657	0.831847	9.150311	0.460333
64059.453757	0.794889	-370.996094	-26.660156
64059.455757	0.835342	-370.996094	-26.660156
64059.457760	0.832693	9.159626	0.136632
64060.495762	0.836353	-145.312500	308.496094
64060.497763	0.833318	9.166494	0.155438
64061.525772	0.715713	-377.832031	-26.562500
64061.527774	0.836712	-377.832031	-26.562500
64061.529774	0.833440	9.167841	0.143731
64062.579846	0.837200	-158.203125	270.800781
64062.581849	0.833770	9.171475	0.181770
64063.608490	0.837690	-385.546875	-26.171875
64063.610493	0.834293	9.177217	0.162223
64064.677093	0.837901	-155.468750	280.664062
64064.679094	0.834121	9.175330	0.148084
64065.703678	0.712525	-371.679687	-27.441406
64065.705679	0.835885	-371.679687	-27.441406
64065.707681	0.835742	9.193161	0.127962
64066.758283	0.836392	-157.714844	276.464844
64066.760285	0.833082	9.163907	0.163499
64067.782851	0.835776	-378.808594	-26.953125
64067.786852	0.831247	9.143718	0.152731
64068.841474	0.755563	-151.269531	300.097656
64068.843476	0.835791	-151.269531	300.097656
64068.845477	0.832926	9.162187	0.177582
64069.869965	0.802367	-368.066406	-27.734375
64069.871965	0.834929	-368.066406	-27.734375
64069.873967	0.832366	9.156028	0.147904
64070.929971	0.673850	-155.175781	279.589844
64070.931974	0.837587	-155.175781	279.589844
64070.933974	0.837427	9.211692	0.156209
64071.964009	0.838248	-363.378906	-28.125000
64071.966011	0.834528	9.179806	0.806983
64073.004015	0.835767	-155.761719	266.699219
64073.006018	0.833864	9.172503	0.553764
64074.052148	0.816772	-376.855469	-26.953125
64074.054150	0.834050	-376.855469	-26.953125
64074.056149	0.831634	9.147972	0.146423
64075.090723	0.479254	-142.871094	304.687500
64075.092725	0.828856	-142.871094	304.687500
64075.094726	0.834630	-142.871094	304.687500
64075.096726	0.832324	9.155567	0.164861
64076.148700	0.749463	-371.777344	-28.320312
64076.150699	0.756185	-371.777344	-28.320312
64076.152701	0.831871	9.150578	0.140064
64077.174722	0.835796	-148.339844	267.578125
64077.176724	0.832844	9.161283	0.169282
64078.231368	0.835818	-356.152344	-33.593750
64078.233369	0.832821	9.161027	0.149466
64079.267325	0.836542	-145.019531	270.117187
64079.269328	0.836361	9.199976	0.141554
64080.319895	0.836917	-362.792969	-36.523437
64080.321897	0.833290	9.166193	0.154406
64081.350445	0.720165	-146.875000	263.769531
64081.352446	0.836469	-146.875000	263.769531
64081.354445	0.833322	9.166538	0.161931
64082.390928	0.738592	-368.066406	-39.355469
64082.392930	0.837079	-368.066406	-39.355469
64082.394930	0.833965	9.173611	0.179328
64083.451809	0.740492	-149.511719	258.984375
64083.453808	0.835524	-149.511719	258.984375
64083.455809	0.832493	9.157419	0.132398
64084.477886	0.835613	-352.441406	-41.015625
64084.481889	0.830739	9.138126	0.159349
64085.541910	0.836113	-151.562500	274.121094
64085.543911	0.833615	9.169765	0.148696
64086.547995	0.668808	-364.453125	-37.597656
64086.549997	0.837389	-364.453125	-37.597656
64086.551999	0.833785	9.171635	0.176247
64087.634061	0.775386	-156.738281	283.593750
64087.636063	0.835472	-156.738281	283.593750
64087.638065	0.832620	9.158819	0.145034
64088.640105	0.426112	-360.546875	-32.910156
64088.642107	0.817125	-360.546875	-32.910156
64088.644106	0.834900	-360.546875	-32.910156
64088.646106	0.832431	9.156737	0.149583
64089.716159	0.837081	-158.593750	290.722656
64089.718160	0.833468	9.168143	0.167489
64090.734775	0.780534	-366.406250	-29.101562
64090.736779	0.834903	-366.406250	-29.101562
64090.738777	0.832138	9.153520	0.151303
64091.786855	0.684887	-153.710937	290.625000
64091.788858	0.836921	-153.710937	290.625000
64091.792855	0.831516	9.146678	0.166127
64092.835414	0.680448	-365.820312	-29.003906
64092.837415	0.836591	-365.820312	-29.003906
64092.839416	0.833161	9.164775	0.139289
64093.863453	0.669147	-147.753906	291.308594
64093.865453	0.837421	-147.753906	291.308594
64093.867453	0.833841	9.172246	0.176094
64094.923511	0.467790	-355.078125	-32.812500
64094.925513	0.826577	-355.078125	-32.812500
64094.927512	0.834557	-355.078125	-32.812500
64094.929512	0.834454	9.178999	0.146596
64095.953626	0.827324	-144.238281	290.625000
64095.955627	0.834513	-144.238281	290.625000
64095.959625	0.830552	9.136070	0.337358
64097.013652	0.737764	-360.253906	-36.621094
64097.015656	0.835631	-360.253906	-36.621094
64097.017654	0.832543	9.157978	0.152467
64098.044207	0.835072	-151.855469	249.316406
64098.046210	0.832511	9.157623	0.156508
64099.087216	0.833239	-357.812500	-40.917969
64099.089218	0.834048	-357.812500	-40.917969
64099.091220	0.831791	9.149700	0.171435
64100.135289	0.800853	-150.390625	260.937500
64100.137291	0.834959	-150.390625	260.937500
64100.141289	0.830433	9.134759	0.147542
64101.177298	0.836047	-352.539062	-42.773437
64101.179300	0.833115	9.164270	0.152596
64102.229871	0.836755	-148.828125	282.128906
64102.231873	0.833658	9.170235	0.143421
64103.247820	0.748194	-362.890625	-41.894531
64103.249821	0.835596	-362.890625	-41.894531
64103.251823	0.832628	9.158908	0.173127
64104.318781	0.836447	-158.496094	244.726562
64104.320783	0.833357	9.166928	0.143176
64105.331652	0.524166	-350.292969	-41.601562
64105.333656	0.834889	-350.292969	-41.601562
64105.335654	0.834555	-350.292969	-41.601562
64105.337655	0.832368	9.156046	0.168049
64106.411646	0.836424	-157.031250	263.671875
64106.413647	0.833170	9.164872	0.149279
64107.422224	0.815060	-361.035156	-39.941406
64107.424224	0.834949	-361.035156	-39.941406
64107.426224	0.832479	9.157269	0.203294
64108.496301	0.836995	-153.515625	291.894531
64108.498306	0.833372	9.167097	0.147136
64109.506374	0.725122	-354.296875	-39.843750
64109.508379	0.835273	-354.296875	-39.843750
64109.510384	0.832147	9.153618	0.157212
64110.584429	0.820566	-160.253906	267.480469
64110.586432	0.834398	-160.253906	267.480469
64110.588433	0.831909	9.151003	0.252242
64111.597416	0.835763	-357.910156	-38.867187
64111.599420	0.832734	9.160069	0.151355
64112.669956	0.837420	-162.890625	263.183594
64112.671957	0.833618	9.169800	0.153667
64113.677909	0.836203	-359.765625	-38.281250
64113.679911	0.832866	9.161523	0.160772
64114.758468	0.831168	-156.347656	295.507812
64114.760470	0.833790	-156.347656	295.507812
64114.762469	0.831443	9.145872	0.148149
64115.766486	0.836723	-351.074219	-38.476562
64115.768488	0.833119	-351.074219	-38.476562
64115.770488	0.830844	9.139287	0.155162
64116.848545	0.831364	-162.500000	267.773437
64116.850546	0.829924	9.129167	0.151741
64117.850609	0.812132	-355.566406	-37.597656
64117.852611	0.834831	-355.566406	-37.597656
64117.854611	0.832352	9.155869	0.163354
64118.928682	0.837455	-161.425781	267.773437
64118.930683	0.833728	9.171005	0.148403
64119.940741	0.837155	-341.210937	-39.160156
64119.942743	0.833816	9.171971	0.151535
64121.018725	0.835333	-159.472656	274.511719
64121.020728	0.832673	9.159405	0.148939
64122.023330	0.642211	-354.785156	-39.160156
64122.025334	0.837641	-354.785156	-39.160156
64122.027332	0.833926	9.173185	0.158861
64123.101966	0.829591	-153.027344	299.609375
64123.103968	0.831387	-153.027344	299.609375
64123.105969	0.832241	9.154655	0.360506
64124.111920	0.548250	-346.093750	-41.113281
64124.113922	0.835815	-346.093750	-41.113281
64124.115922	0.833613	9.169746	0.163999
64125.195923	0.836795	-151.464844	303.320312
64125.197925	0.833521	9.168728	0.147644
64126.197954	0.780442	-341.113281	-42.968750
64126.199955	0.834599	-341.113281	-42.968750
64126.201956	0.831855	9.150400	0.158495
64127.276000	0.835401	-156.640625	270.800781
64127.280003	0.831499	-156.640625	270.800781
64127.282003	0.829843	9.128271	0.164059
64128.286024	0.621885	-343.945312	-43.164062
64128.288028	0.838895	-343.945312	-43.164062
64128.290030	0.835035	9.185389	0.163503
64129.362099	0.835319	-154.785156	268.847656
64129.364100	0.832613	9.158740	0.144430
64130.376683	0.837035	-350.292969	-44.042969
64130.378686	0.834905	9.183953	0.539840
64131.444730	0.754046	-153.417969	267.089844
64131.446730	0.760059	-153.417969	267.089844
64131.448732	0.832833	9.161159	0.142294
64132.463608	0.536114	-338.281250	-43.750000
64132.465607	0.835565	-338.281250	-43.750000
64132.467607	0.834099	-338.281250	-43.750000
64132.469606	0.831895	9.150844	0.164125
64133.527629	0.835832	-151.074219	273.144531
64133.529629	0.832979	9.162772	0.142449
64134.559626	0.835416	-349.511719	-40.234375
64134.561627	0.832515	9.157667	0.154694
64135.606164	0.740670	-148.730469	287.304687
64135.608166	0.835468	-148.730469	287.304687
64135.610166	0.832379	9.156170	0.157768
64136.646775	0.773005	-347.851562	-36.621094
64136.648778	0.835117	-347.851562	-36.621094
64136.650777	0.832302	9.155319	0.151510
64137.690805	0.701355	-142.480469	320.703125
64137.692806	0.836928	-142.480469	320.703125
64137.694807	0.833625	9.169880	0.156196
64138.732888	0.837047	-343.945312	-33.203125
64138.736888	0.831309	9.144401	0.143500
64139.779411	2.232880	-142.089844	336.718750
64139.781414	0.837785	-142.089844	336.718750
64139.783414	0.834010	9.174107	0.162121
64140.817486	0.836314	-354.199219	-30.957031
64140.819489	0.833095	9.164048	0.138147
64141.872115	0.533507	-149.023437	331.542969
64141.874116	0.835432	-149.023437	331.542969
64141.876116	0.833906	-149.023437	331.542969
64141.878116	0.831755	9.149302	0.165833
64142.888177	0.599437	-358.398437	-31.347656
64142.890178	0.837975	-358.398437	-31.347656
64142.892179	0.834314	9.177457	0.149464
64143.966769	0.816793	-154.101562	325.292969
64143.968771	0.834855	-154.101562	325.292969
64143.970771	0.832423	9.156648	0.223351
64144.968782	0.558246	-345.605469	-36.230469
64144.970783	0.568935	-345.605469	-36.230469
64144.972784	0.833206	9.165262	0.156090
64146.054770	0.686069	-157.714844	304.882812
64146.056769	0.837414	-157.714844	304.882812
64146.058769	0.833904	9.172946	0.155239
64147.058881	0.780830	-335.156250	-41.210937
64147.060886	0.835829	-335.156250	-41.210937
64147.062883	0.833062	9.163685	0.151675
64148.142946	0.495128	-154.492187	299.902344
64148.144948	0.830838	-154.492187	299.902344
64148.146947	0.833934	-154.492187	299.902344
64148.148948	0.831710	9.148814	0.150758
64149.149020	0.837391	-330.957031	-44.140625
64149.151021	0.833712	9.170837	0.155712
64150.225069	0.778294	-156.445312	271.386719
64150.229072	0.832544	-156.445312	271.386719
64150.231074	0.832352	9.155877	0.136654
64151.238056	0.837236	-342.285156	-44.726562
64151.240057	0.833636	9.169995	0.159122
64152.310644	0.833014	-154.296875	274.023437
64152.312653	0.833615	-154.296875	274.023437
64152.314648	0.831241	9.143657	0.141742
64153.329224	0.678082	-332.714844	-45.800781
64153.331225	0.836828	-332.714844	-45.800781
64153.333223	0.833409	9.167496	0.162587
64154.389251	0.471260	-153.710937	274.218750
64154.391252	0.484524	-153.710937	274.218750
64154.393252	0.834154	-153.710937	274.218750
64154.395254	0.831784	9.149630	0.149853
64155.421291	0.833940	-341.601562	-44.140625
64155.423294	0.831517	-341.601562	-44.140625
64155.425293	0.829794	9.127730	0.163548
64156.473861	0.834371	-152.929687	280.761719
64156.475865	0.831921	9.151136	0.150349
64157.508490	0.834032	-334.570312	-43.652344
64157.510491	0.834353	-334.570312	-43.652344
64157.512492	0.832151	9.153662	0.463234
64158.560562	0.794141	-147.949219	301.562500
64158.562564	0.834735	-147.949219	301.562500
64158.564564	0.832043	9.152474	0.148051
64159.597165	0.821309	-332.910156	-42.675781
64159.599168	0.834585	-332.910156	-42.675781
64159.601168	0.832065	9.152714	0.157888
64160.645156	0.761494	-145.898437	312.695312
64160.647158	0.835662	-145.898437	312.695312
64160.649158	0.832804	9.160840	0.148921
64161.687255	0.835995	-342.480469	-40.820312
64161.689255	0.832796	9.160751	0.147750
64162.730269	0.791447	-147.460937	309.179687
64162.732270	0.795837	-147.460937	309.179687
64162.734273	0.832541	9.157951	0.155602
64163.772356	0.842660	-332.421875	-41.796875
64163.774362	0.839664	9.236302	0.155572
64164.814365	0.671422	-149.023437	301.367187
64164.816368	0.837119	-149.023437	301.367187
64164.818366	0.833560	9.169162	0.154939
64165.859333	0.757307	-341.210937	-40.625000
64165.861337	0.835296	-341.210937	-40.625000
64165.863337	0.832343	9.155771	0.148381
64166.899950	0.786916	-143.359375	325.683594
64166.901952	0.834392	-143.359375	325.683594
64166.903951	0.831658	9.148238	0.153864
64167.947988	0.707082	-335.156250	-41.601562
64167.949988	0.836556	-335.156250	-41.601562
64167.951987	0.836441	9.200853	0.149718
64168.984029	0.655681	-149.609375	298.535156
64168.986032	0.837114	-149.609375	298.535156
64168.988032	0.833475	9.168222	0.157846
64170.035023	0.835449	-342.773437	-41.113281
64170.037023	0.832422	9.156639	0.151932
64171.073596	0.764780	-143.359375	324.316406
64171.075597	0.835531	-143.359375	324.316406
64171.077599	0.832730	9.160034	0.146887
64172.117688	0.699048	-330.957031	-43.554687
64172.119692	0.835681	-330.957031	-43.554687
64172.121690	0.832390	9.156285	0.154564
64173.158573	0.778212	-142.480469	328.515625
64173.162573	0.832628	-142.480469	328.515625
64173.164574	0.830742	9.138162	0.149122
64174.206643	0.699832	-330.468750	-45.898437
64174.208645	0.837092	-330.468750	-45.898437
64174.210646	0.833742	9.171165	0.154996
64175.248680	0.837673	-142.773437	331.445312
64175.250682	0.833910	9.173008	0.145805
64176.292744	0.833652	-324.707031	-47.265625
64176.294746	0.834127	-324.707031	-47.265625
64176.296746	0.831864	9.150507	0.154003
64177.336816	0.811989	-145.019531	322.558594
64177.338818	0.834918	-145.019531	322.558594
64177.340821	0.832396	9.156356	0.158279
64178.378897	0.837744	-320.898437	-48.730469
64178.380896	0.834894	9.183828	0.152571
64179.424954	0.700185	-147.851562	314.355469
64179.426956	0.835989	-147.851562	314.355469
64179.428956	0.832771	9.160477	0.143928
64180.458952	0.836438	-333.691406	-47.363281
64180.460954	0.832825	9.161079	0.159162
64181.515570	0.837930	-145.996094	325.683594
64181.517571	0.834155	9.175703	0.143528
64182.541623	0.617008	-326.757812	-47.949219
64182.543623	0.836987	-326.757812	-47.949219
64182.545622	0.833244	9.165679	0.159739
64183.603713	0.813645	-157.421875	288.281250
64183.605715	0.834366	-157.421875	288.281250
64183.607715	0.831770	9.149470	0.148985
64184.622282	0.591220	-330.371094	-46.972656
64184.624284	0.837601	-330.371094	-46.972656
64184.626286	0.834052	9.174577	0.159470
64185.696349	0.769536	-154.882812	312.500000
64185.698352	0.835005	-154.882812	312.500000
64185.700351	0.832144	9.153583	0.143588
64186.704435	0.816657	-326.855469	-44.921875
64186.706437	0.834470	-326.855469	-44.921875
64186.708436	0.832065	9.152714	0.161061
64187.784894	0.701980	-160.253906	306.835937
64187.786896	0.836192	-160.253906	306.835937
64187.788897	0.832887	9.161753	0.146151
64188.794927	0.835217	-339.843750	-40.625000
64188.796930	0.832403	9.156436	0.147691
64189.871461	0.837057	-160.253906	320.117187
64189.873463	0.833384	9.167221	0.151809
64190.882393	0.820187	-347.949219	-35.937500
64190.884395	0.834450	-347.949219	-35.937500
64190.886397	0.832004	9.152040	0.149259
64191.948961	0.787555	-154.296875	336.328125
64191.950964	0.832750	9.160255	0.165398
64192.974982	0.774983	-342.187500	-34.863281
64192.976983	0.835096	-342.187500	-34.863281
64192.978984	0.832333	9.155664	0.147373
64194.023046	0.691626	-145.117187	350.390625
64194.025049	0.700449	-145.117187	350.390625
64194.027053	0.833386	9.167248	0.172038
64195.067037	0.580289	-336.035156	-34.960937
64195.069038	0.837036	-336.035156	-34.960937
64195.071039	0.833748	9.171227	0.143749
64196.103058	0.510940	-147.851562	329.687500
64196.105061	0.832940	-147.851562	329.687500
64196.107059	0.833907	-147.851562	329.687500
64196.109059	0.831661	9.148273	0.170018
64197.161629	0.823535	-328.417969	-38.183594
64197.163630	0.834180	-328.417969	-38.183594
64197.165630	0.831811	9.149921	0.143196
64198.194125	0.835836	-142.578125	340.429687
64198.196126	0.834337	-142.578125	340.429687
64198.198127	0.832196	9.154158	0.157825
64199.246121	0.793946	-334.082031	-40.332031
64199.248123	0.834710	-334.082031	-40.332031
64199.250123	0.832039	9.152430	0.151365
64200.286167	0.832842	-146.679687	323.242187
64200.288171	0.830950	9.140449	0.148402
64201.330165	0.661540	-331.738281	-43.750000
64201.332167	0.837428	-331.738281	-43.750000
64201.334168	0.833802	9.171821	0.155415
64202.370250	0.833476	-147.167969	319.824219
64202.372254	0.831348	9.144826	0.150470
64203.414796	0.606717	-329.199219	-45.800781
64203.416797	0.837852	-329.199219	-45.800781
64203.418798	0.834146	9.175605	0.155125
64204.456915	0.835072	-151.953125	302.636719
64204.458917	0.833549	-151.953125	302.636719
64204.460917	0.831304	9.144339	0.149881
64205.500923	0.812963	-326.660156	-47.558594
64205.502926	0.835049	-326.660156	-47.558594
64205.504925	0.832623	9.158855	0.179564
64206.544965	0.765162	-143.652344	338.378906
64206.546967	0.835229	-143.652344	338.378906
64206.548968	0.832342	9.155763	0.150199
64207.585412	0.771721	-331.542969	-48.144531
64207.587415	0.776748	-331.542969	-48.144531
64207.589415	0.832570	9.158270	0.161472
64208.636030	0.835893	-150.097656	314.453125
64208.638033	0.833082	9.163898	0.142348
64209.676658	0.834188	-319.238281	-48.925781
64209.678660	0.831569	9.147264	0.152723
64210.718678	0.748003	-142.675781	343.652344
64210.720679	0.835963	-142.675781	343.652344
64210.722680	0.833008	9.163083	0.144769
64211.760673	0.836010	-329.492187	-47.558594
64211.762673	0.832663	9.159298	0.158118
64212.803256	0.700953	-145.703125	330.175781
64212.805258	0.837204	-145.703125	330.175781
64212.807259	0.833873	9.172601	0.147585
64213.847337	0.614401	-331.835937	-46.484375
64213.849337	0.837409	-331.835937	-46.484375
64213.851339	0.833656	9.170217	0.154474
64214.888306	0.733850	-141.503906	346.093750
64214.890306	0.835532	-141.503906	346.093750
64214.892307	0.832459	9.157047	0.147256
64215.938344	0.837584	-327.832031	-45.312500
64215.940345	0.833791	9.171697	0.154967
64216.974455	0.839222	-143.945312	339.941406
64216.976457	0.835776	9.193533	0.592627
64218.029028	0.834504	-336.718750	-41.992187
64218.031030	0.832332	9.155647	0.560383
64219.057068	0.516763	-147.070312	329.492187
64219.059068	0.527255	-147.070312	329.492187
64219.061070	0.834301	-147.070312	329.492187
64219.063070	0.832158	9.153742	0.152956
64220.111138	0.792708	-341.308594	-39.355469
64220.113139	0.834443	-341.308594	-39.355469
64220.115140	0.831705	9.148752	0.145396
64221.145207	0.838102	-138.476562	364.941406
64221.147208	0.835106	9.186169	0.160249
64222.195261	0.676666	-334.765625	-37.890625
64222.197262	0.837902	-334.765625	-37.890625
64222.199262	0.834360	9.177962	0.141178
64223.237350	0.837248	-148.730469	340.625000
64223.239352	0.837152	9.208670	0.160084
64224.271935	0.676732	-331.250000	-37.207031
64224.273940	0.837352	-331.250000	-37.207031
64224.275945	0.833794	9.171732	0.147367
64225.327948	0.491272	-152.148437	342.675781
64225.329952	0.830375	-152.148437	342.675781
64225.331951	0.834153	-152.148437	342.675781
64225.333951	0.831848	9.150330	0.159995
64226.352494	0.630490	-331.054687	-37.500000
64226.354494	0.838073	-331.054687	-37.500000
64226.356494	0.834318	9.177501	0.148099
64227.422473	0.789212	-154.394531	342.675781
64227.426475	0.832025	-154.394531	342.675781
64227.428475	0.830109	9.131196	0.153087
64228.438437	0.805880	-330.664062	-40.820312
64228.440439	0.834629	-330.664062	-40.820312
64228.442440	0.832079	9.152873	0.147099
64229.511037	0.734012	-160.156250	320.214844
64229.513040	0.835378	-160.156250	320.214844
64229.515040	0.832282	9.155106	0.154535
64230.521979	0.570594	-331.152344	-43.457031
64230.523979	0.836612	-331.152344	-43.457031
64230.525979	0.833507	9.168577	0.152651
64231.600008	0.735815	-152.343750	336.230469
64231.602009	0.835118	-152.343750	336.230469
64231.604010	0.832132	9.153449	0.143628
64232.608042	0.793683	-317.089844	-47.167969
64232.610044	0.835426	-317.089844	-47.167969
64232.614042	0.831024	9.141263	0.155270
64233.684089	0.571986	-155.175781	317.480469
64233.686089	0.837189	-155.175781	317.480469
64233.688089	0.834039	9.174426	0.144885
64234.698702	0.836443	-325.195312	-48.046875
64234.700704	0.833472	9.168187	0.156268
64235.765688	0.744167	-156.933594	304.785156
64235.767688	0.835817	-156.933594	304.785156
64235.769690	0.832861	9.161469	0.147567
64236.784675	0.545974	-315.527344	-50.000000
64236.786675	0.836170	-315.527344	-50.000000
64236.788676	0.834052	9.174568	0.157705
64237.850726	0.769598	-150.195312	326.757812
64237.852727	0.835436	-150.195312	326.757812
64237.854729	0.832601	9.158607	0.143185
64238.876796	0.834527	-306.933594	-51.074219
64238.878799	0.831725	9.148973	0.156195
64239.938839	0.609312	-146.679687	339.843750
64239.940839	0.617936	-146.679687	339.843750
64239.942840	0.833459	9.168055	0.140183
64240.962824	0.603960	-308.496094	-51.562500
64240.964825	0.838534	-308.496094	-51.562500
64240.966825	0.834846	9.183306	0.156937
64242.024897	0.806645	-147.460937	337.207031
64242.026899	0.834992	-147.460937	337.207031
64242.028900	0.832462	9.157083	0.141714
64243.048931	0.810417	-306.347656	-51.757812
64243.050935	0.833933	-306.347656	-51.757812
64243.052934	0.831281	9.144091	0.156467
64244.109420	0.769863	-155.175781	310.546875
64244.111421	0.834684	-155.175781	310.546875
64244.113422	0.831803	9.149834	0.144869
64245.132380	0.559986	-316.308594	-51.269531
64245.134380	0.836578	-316.308594	-51.269531
64245.136380	0.833820	9.172025	0.157747
64246.198460	0.779982	-150.390625	331.542969
64246.200463	0.835170	-150.390625	331.542969
64246.204459	0.830554	9.136097	0.142418
64247.222471	0.832808	-323.925781	-50.488281
64247.226471	0.829654	9.126198	0.153192
64248.286527	0.619671	-153.515625	324.218750
64248.288528	0.836795	-153.515625	324.218750
64248.290528	0.833115	9.164261	0.143450
64249.304597	0.836109	-320.214844	-49.316406
64249.306598	0.832663	9.159298	0.152129
64250.379173	0.833617	-158.593750	314.257812
64250.381175	0.831337	9.144711	0.147629
64251.389236	0.837733	-323.632812	-47.656250
64251.391237	0.833929	9.173221	0.152115
64252.461791	0.827629	-152.246094	344.531250
64252.463793	0.834678	-152.246094	344.531250
64252.465794	0.832334	9.155674	0.152231
64253.472319	0.676968	-317.968750	-46.191406
64253.474319	0.837239	-317.968750	-46.191406
64253.476321	0.833693	9.170624	0.149624
64254.550357	0.798701	-157.617187	336.914062
64254.554357	0.832684	-157.617187	336.914062
64254.558359	0.829548	9.125028	0.148729
64255.560954	0.604864	-326.269531	-41.601562
64255.562956	0.838227	-326.269531	-41.601562
64255.564955	0.834400	9.178405	0.144359
64256.637537	0.834480	-156.738281	340.136719
64256.639540	0.832108	9.153193	0.152472
64257.654468	0.705385	-318.457031	-39.550781
64257.656469	0.837651	-318.457031	-39.550781
64257.658468	0.834345	9.177794	0.139085
64258.706502	0.559432	-152.050781	345.507812
64258.708506	0.837488	-152.050781	345.507812
64258.710504	0.834753	9.182278	0.167803
64259.746552	0.468950	-331.347656	-37.597656
64259.748552	0.826942	-331.347656	-37.597656
64259.750552	0.834689	-331.347656	-37.597656
64259.752553	0.832299	9.155293	0.140308
64260.788597	0.801732	-144.140625	357.421875
64260.790600	0.834402	-144.140625	357.421875
64260.792599	0.831780	9.149586	0.166134
64261.836653	0.733636	-318.457031	-39.257812
64261.838655	0.835708	-318.457031	-39.257812
64261.840655	0.832641	9.159050	0.143036
64262.874697	0.837809	-145.898437	345.214844
64262.876700	0.834309	-145.898437	345.214844
64262.878700	0.832505	9.157553	0.163851
64263.925692	0.743866	-326.269531	-40.332031
64263.927694	0.836790	-326.269531	-40.332031
64263.929693	0.833727	9.170997	0.148092
64264.960273	0.834759	-135.351562	374.511719
64264.962273	0.832099	-135.351562	374.511719
64264.964274	0.830190	9.132091	0.158484
64266.014701	0.751810	-321.191406	-42.968750
64266.016701	0.835532	-321.191406	-42.968750
64266.018699	0.832611	9.158722	0.149554
64267.047295	0.800875	-135.839844	372.363281
64267.049296	0.805471	-135.839844	372.363281
64267.051295	0.832584	9.158421	0.148237
64268.099303	0.708337	-316.699219	-45.703125
64268.101303	0.835975	-316.699219	-45.703125
64268.103302	0.832738	9.160122	0.148895
64269.131336	0.677078	-140.625000	357.031250
64269.133339	0.836088	-140.625000	357.031250
64269.135338	0.832684	9.159520	0.157580
64270.183385	0.523667	-311.035156	-47.558594
64270.185384	0.836093	-311.035156	-47.558594
64270.187385	0.835744	-311.035156	-47.558594
64270.189385	0.833505	9.168559	0.152680
64271.221441	0.825698	-146.679687	338.378906
64271.223441	0.834137	-146.679687	338.378906
64271.225441	0.831729	9.149017	0.150917
64272.274001	0.818361	-304.394531	-48.730469
64272.276002	0.834473	-304.394531	-48.730469
64272.278003	0.831990	9.151890	0.147443
64273.310542	0.832035	-144.531250	344.921875
64273.312543	0.834015	-144.531250	344.921875
64273.314542	0.831761	9.149372	0.414253
64274.357571	0.620129	-314.941406	-47.949219
64274.359573	0.836797	-314.941406	-47.949219
64274.361573	0.833122	9.164341	0.151725
64275.394190	0.692535	-137.304687	368.554687
64275.396193	0.837595	-137.304687	368.554687
64275.398193	0.834139	9.175525	0.146502
64276.446676	0.653318	-309.667969	-46.972656
64276.448678	0.837699	-309.667969	-46.972656
64276.452676	0.832065	9.152714	0.146208
64277.478739	0.624060	-139.257812	363.183594
64277.480740	0.838078	-139.257812	363.183594
64277.482740	0.834208	9.176288	0.151028
64278.530814	0.466286	-314.550781	-45.312500
64278.532815	0.825730	-314.550781	-45.312500
64278.534816	0.833865	-314.550781	-45.312500
64278.536816	0.831485	9.146333	0.150005
64279.564851	0.816277	-139.257812	363.476562
64279.566853	0.834245	-139.257812	363.476562
64279.570851	0.829945	9.129396	0.211355
64280.620892	0.729598	-313.574219	-43.359375
64280.622894	0.835426	-313.574219	-43.359375
64280.624894	0.832293	9.155221	0.143929
64281.648946	0.722204	-139.746094	364.550781
64281.650948	0.836187	-139.746094	364.550781
64281.652946	0.833029	9.163322	0.160068
64282.705004	0.567503	-320.703125	-40.625000
64282.707006	0.837144	-320.703125	-40.625000
64282.709006	0.834085	9.174940	0.142034
64283.737565	0.656341	-145.117187	355.371094
64283.739566	0.837872	-145.117187	355.371094
64283.741566	0.834160	9.175764	0.160199
64284.792535	0.836666	-309.667969	-40.722656
64284.794538	0.833556	9.169118	0.134165
64285.830550	0.639971	-146.484375	359.472656
64285.832553	0.837466	-146.484375	359.472656
64285.834553	0.833676	9.170439	0.160446
64286.871497	0.745296	-318.359375	-39.843750
64286.873499	0.835465	-318.359375	-39.843750
64286.875501	0.832485	9.157340	0.136664
64287.923589	0.635465	-149.707031	361.621094
64287.925592	0.837055	-149.707031	361.621094
64287.927591	0.833325	9.166574	0.155943
64288.951679	0.634701	-311.914062	-41.894531
64288.953680	0.837070	-311.914062	-41.894531
64288.955681	0.833343	9.166769	0.137489
64290.013743	0.816489	-149.609375	368.261719
64290.015745	0.834877	-149.609375	368.261719
64290.017744	0.832342	9.155763	0.209915
64291.032213	0.577899	-324.218750	-43.457031
64291.034215	0.836859	-324.218750	-43.457031
64291.036214	0.836948	9.206428	0.144067
64292.108269	0.837364	-148.632812	370.703125
64292.110274	0.834409	9.178493	0.147003
64293.118289	0.796721	-313.378906	-47.363281
64293.120289	0.834388	-313.378906	-47.363281
64293.122287	0.831693	9.148628	0.145016
64294.192238	0.836643	-157.910156	340.722656
64294.194239	0.833316	9.166477	0.151468
64295.204849	0.837301	-301.660156	-49.902344
64295.206852	0.834342	9.177758	0.146920
64296.278979	0.835517	-154.980469	340.234375
64296.280982	0.833401	9.167416	0.507416
64297.293587	0.836286	-313.867187	-50.781250
64297.295589	0.833115	9.164261	0.150589
64298.363625	0.464412	-156.445312	333.203125
64298.365627	0.825559	-156.445312	333.203125
64298.367628	0.827227	-156.445312	333.203125
64298.369627	0.831662	9.148283	0.144706
64299.379621	0.833429	-311.328125	-51.367187
64299.381623	0.831208	9.143293	0.155685
64300.452244	0.836790	-145.214844	361.132812
64300.456243	0.832632	9.158953	0.140605
64301.464739	0.582742	-300.781250	-53.027344
64301.466743	0.838785	-300.781250	-53.027344
64301.470739	0.835259	9.187853	0.152210
64302.534835	0.780642	-151.757812	341.308594
64302.536837	0.835254	-151.757812	341.308594
64302.538837	0.832531	9.157836	0.143520
64303.552901	0.835030	-308.203125	-52.539062
64303.554904	0.832447	9.156915	0.150430
64304.625517	0.836329	-147.167969	356.835937
64304.627518	0.833314	9.166451	0.140087
64305.635594	0.790066	-305.664062	-52.343750
64305.637596	0.835158	-305.664062	-52.343750
64305.639595	0.832467	9.157136	0.153902
64306.707668	0.594528	-154.687500	337.304687
64306.709669	0.838689	-154.687500	337.304687
64306.711670	0.835016	9.185176	0.145597
64307.723663	0.639865	-306.933594	-51.269531
64307.725665	0.838205	-306.933594	-51.269531
64307.727664	0.834349	9.177838	0.147562
64308.796256	0.498087	-158.300781	332.031250
64308.798257	0.831702	-158.300781	332.031250
64308.800258	0.834379	-158.300781	332.031250
64308.802257	0.832100	9.153104	0.146514
64309.810277	0.836378	-309.667969	-50.097656
64309.812280	0.833130	9.164430	0.146742
64310.884872	0.834891	-159.277344	333.789062
64310.886876	0.832448	9.156923	0.223895
64311.894918	0.834143	-316.308594	-47.558594
64311.896921	0.833952	-316.308594	-47.558594
64311.898921	0.831736	9.149097	0.146601
64312.969867	0.440382	-149.414062	364.648437
64312.971868	0.820230	-149.414062	364.648437
64312.973869	0.834226	-149.414062	364.648437
64312.975869	0.831829	9.150117	0.152585
64313.981891	0.519836	-309.765625	-44.921875
64313.983889	0.833528	-309.765625	-44.921875
64313.985891	0.833580	-309.765625	-44.921875
64313.987892	0.831253	9.143781	0.146110
64315.051961	0.745852	-150.585937	362.792969
64315.053966	0.835242	-150.585937	362.792969
64315.055964	0.832231	9.154539	0.156915
64316.072008	0.766870	-320.800781	-41.699219
64316.076008	0.832983	-320.800781	-41.699219
64316.078009	0.831051	9.141556	0.139699
64317.132083	0.619682	-144.824219	370.800781
64317.134086	0.838048	-144.824219	370.800781
64317.136085	0.834293	9.177217	0.159930
64318.164162	0.587563	-312.890625	-41.406250
64318.166163	0.836724	-312.890625	-41.406250
64318.168164	0.833260	9.165856	0.140651
64319.208197	0.469890	-139.843750	375.000000
64319.210200	0.826946	-139.843750	375.000000
64319.212200	0.834352	-139.843750	375.000000
64319.214199	0.832102	9.153121	0.171769
64320.258188	0.773872	-309.472656	-41.894531
64320.260188	0.835374	-309.472656	-41.894531
64320.262190	0.832551	9.158058	0.136162
64321.298252	0.725846	-143.066406	362.890625
64321.300255	0.835306	-143.066406	362.890625
64321.302254	0.832262	9.154885	0.151570
64322.346260	0.607351	-312.011719	-42.675781
64322.348261	0.837595	-312.011719	-42.675781
64322.350261	0.833890	9.172787	0.141745
64323.378349	0.582355	-140.625000	367.382812
64323.380351	0.837055	-140.625000	367.382812
64323.382351	0.833698	9.170677	0.158262
64324.436335	0.800709	-309.960937	-45.214844
64324.438335	0.835424	-309.960937	-45.214844
64324.440336	0.832830	9.161133	0.143210
64325.466874	0.834597	-142.578125	361.914062
64325.468879	0.832418	-142.578125	361.914062
64325.470883	0.830635	9.136983	0.393397
64326.521578	0.827286	-298.437500	-48.046875
64326.523578	0.833961	-298.437500	-48.046875
64326.525579	0.831531	9.146837	0.145115
64327.554095	0.836833	-139.648437	369.726562
64327.556097	0.834019	-139.648437	369.726562
64327.558096	0.831869	9.150559	0.152769
64328.610159	0.799958	-304.101562	-49.121094
64328.614158	0.832129	-304.101562	-49.121094
64328.616159	0.830311	9.133420	0.141345
64329.642713	0.827418	-141.210937	365.429687
64329.644715	0.834012	-141.210937	365.429687
64329.646716	0.831650	9.148149	0.148460
64330.695278	0.821866	-307.812500	-49.316406
64330.697280	0.835148	-307.812500	-49.316406
64330.699279	0.832790	9.160689	0.250514
64331.727270	0.805713	-142.089844	363.378906
64331.729270	0.834874	-142.089844	363.378906
64331.731271	0.832322	9.155540	0.147237
64332.779827	0.794873	-308.691406	-49.414062
64332.783827	0.832901	-308.691406	-49.414062
64332.785828	0.831143	9.142575	0.147144
64333.812819	0.836792	-145.410156	354.882812
64333.814820	0.833600	9.169596	0.151424
64334.870880	0.835156	-295.312500	-49.511719
64334.872883	0.832616	9.158775	0.142679
64335.900923	0.789303	-138.183594	374.023437
64335.902927	0.835591	-138.183594	374.023437
64335.906926	0.831112	9.142230	0.148871
64336.953015	0.703169	-306.250000	-46.972656
64336.955018	0.837821	-306.250000	-46.972656
64336.957017	0.834424	9.178662	0.144975
64337.987031	0.836793	-140.527344	367.968750
64337.989031	0.833243	9.165670	0.152896
64339.041634	0.630183	-297.753906	-45.996094
64339.043635	0.836741	-297.753906	-45.996094
64339.045635	0.833024	9.163260	0.138076
64340.074144	0.695825	-138.769531	374.121094
64340.076149	0.837588	-138.769531	374.121094
64340.082146	0.830842	9.139260	0.151592
64341.126206	0.553698	-303.125000	-44.042969
64341.128206	0.836340	-303.125000	-44.042969
64341.130208	0.833879	9.172671	0.136332
64342.164268	0.830400	-142.773437	365.917969
64342.166270	0.833855	-142.773437	365.917969
64342.168269	0.831585	9.147431	0.154192
64343.208854	0.531034	-306.250000	-43.359375
64343.210856	0.834305	-306.250000	-43.359375
64343.212858	0.834206	9.176270	0.138579
64344.252969	0.815328	-137.402344	383.203125
64344.254971	0.817689	-137.402344	383.203125
64344.256970	0.831730	9.149027	0.157641
64345.293429	0.832464	-309.179687	-43.066406
64345.295432	0.830735	9.138083	0.318771
64346.348048	0.834509	-141.113281	380.175781
64346.350050	0.832090	9.152988	0.219952
64347.366055	0.824785	-316.992187	-43.652344
64347.368058	0.834239	-316.992187	-43.652344
64347.370058	0.831946	9.151402	0.151334
64348.434627	0.782298	-155.957031	355.468750
64348.436625	0.835861	-155.957031	355.468750
64348.438625	0.833112	9.164234	0.154640
64349.453225	1.932395	-294.824219	-47.070312
64349.455225	0.833417	-294.824219	-47.070312
64349.457227	0.833805	-294.824219	-47.070312
64349.459229	0.831491	9.146403	0.143906
64350.523235	0.730934	-154.882812	357.324219
64350.525237	0.835557	-154.882812	357.324219
64350.527235	0.832444	9.156887	0.155150
64351.535197	0.768823	-301.953125	-49.316406
64351.537199	0.834885	-301.953125	-49.316406
64351.539199	0.832105	9.153156	0.148148
64352.613237	0.834435	-159.472656	344.628906
64352.615244	0.834810	-159.472656	344.628906
64352.617246	0.832656	9.159218	0.457861
64353.625285	0.838492	-306.445312	-51.269531
64353.627289	0.834739	9.182127	0.706602
64354.697322	0.771209	-150.292969	362.988281
64354.699325	0.835730	-150.292969	362.988281
64354.703323	0.831108	9.142185	0.145801
64355.713387	0.801554	-297.949219	-53.027344
64355.715389	0.835452	-297.949219	-53.027344
64355.717391	0.832862	9.161488	0.142129
64356.787980	0.837031	-155.957031	347.558594
64356.789982	0.833858	9.172441	0.142387
64357.798980	0.836477	-303.222656	-53.515625
64357.800982	0.833390	9.167292	0.149380
64358.871005	0.751752	-157.324219	342.675781
64358.873009	0.835201	-157.324219	342.675781
64358.875007	0.832265	9.154921	0.148346
64359.883069	0.795295	-303.808594	-53.613281
64359.885070	0.835049	-303.808594	-53.613281
64359.887071	0.832401	9.156408	0.148877
64360.955114	0.601401	-148.730469	364.355469
64360.957116	0.837722	-148.730469	364.355469
64360.959116	0.833988	9.173868	0.146575
64361.973585	0.836220	-298.828125	-53.417969
64361.975586	0.833157	9.164721	0.144437
64363.044209	0.633010	-157.617187	344.140625
64363.046212	0.838364	-157.617187	344.140625
64363.048212	0.834603	9.180638	0.143675
64364.058249	0.836715	-287.695312	-52.929687
64364.060251	0.833364	9.167008	0.147173
64365.132295	0.834980	-155.957031	351.660156
64365.134296	0.832581	9.158394	0.203883
