num crossings	time (s)	maj axis (mm)	min axis (mm)	theta (rad )	slope (V/s)
5499	6403.298742	63.741688	-9.813038	0.471880	13.968064
5501	6405.376306	72.771044	9.787288	0.474208	14.307251
5503	6407.451296	66.569367	-8.723806	0.494040	14.964932
5505	6409.530204	66.382841	-8.486619	0.491128	13.897964
5507	6411.606069	66.031913	-9.694963	0.474792	14.117139
5509	6413.682397	66.290135	-8.362288	0.489519	15.324531
5511	6415.761287	66.918771	-8.418690	0.480749	13.590960
5513	6417.837715	66.475573	-8.588179	0.492732	14.574478
5515	6419.912725	66.431329	-8.305954	0.487739	15.088715
5517	6421.990247	67.133989	-8.349547	0.475144	13.407236
5519	6424.065663	66.520020	-8.459908	0.489687	14.153582
5521	6426.140577	65.575166	-9.618978	0.476292	14.922727
5523	6428.214983	68.608669	-11.497805	0.540781	14.216189
5525	6430.291107	66.328509	-8.322747	0.483411	14.525663
5527	6432.367855	72.512808	-11.791312	0.530127	14.460657
5529	6434.441673	68.710131	-10.365069	0.427764	15.082649
5531	6436.520219	66.979110	-8.052181	0.471749	13.393002
5533	6438.596997	63.537899	-9.242166	0.452992	14.670740
5535	6440.672468	72.112975	9.152412	0.458817	14.335313
5537	6442.751964	66.308567	-8.155141	0.480686	14.264195
5539	6444.829912	74.477985	-11.579133	0.516418	14.603283
5541	6446.907309	64.050136	-9.066074	0.452231	14.251981
5543	6448.986568	63.685167	-8.953692	0.452155	14.373949
5545	6451.064377	68.583532	-10.162860	0.423629	14.576530
5547	6453.142183	64.830786	-9.376494	0.453928	14.234337
5549	6455.218825	65.325980	-9.401889	0.451463	14.571012
5551	6457.296460	70.160721	-12.450409	0.542835	13.835311
5553	6459.373145	73.502691	9.011253	0.453292	13.906047
5555	6461.449478	72.244952	8.955098	0.453664	14.446071
5557	6463.526460	69.159157	-9.964831	0.412860	13.929679
5559	6465.603438	66.289994	-7.609118	0.467566	14.183642
5561	6467.680307	71.189809	-8.691777	0.516948	13.968240
5563	6469.758110	72.255174	8.489879	0.451153	13.931508
5565	6471.835060	66.454062	-7.886256	0.469424	13.855992
5567	6473.911865	70.865396	-12.322243	0.532156	14.002325
5569	6475.987980	64.293073	-8.841312	0.443689	14.017286
5571	6478.064246	73.915227	9.097174	0.449490	13.624454
5573	6480.139941	67.462293	-9.777255	0.410051	14.282319
5575	6482.214745	66.597064	-7.548779	0.446966	14.573154
5577	6484.290531	72.733286	8.639920	0.440887	13.960113
5579	6486.365816	72.838490	8.485377	0.439598	14.461397
5581	6488.441687	67.801877	-9.556048	0.412120	14.356434
5583	6490.518384	71.642126	-11.111367	0.501460	14.245472
5585	6492.595099	63.998697	-8.357861	0.436818	14.202915
5587	6494.671656	67.427317	-9.381588	0.406852	13.885350
5589	6496.749354	66.136310	-7.245358	0.455931	13.937489
5591	6498.826751	68.993239	-4.735627	0.475771	14.663432
5593	6500.904904	63.624486	-8.341227	0.431937	14.133949
5595	6502.983973	63.616402	-8.447800	0.427041	14.343878
5597	6505.061409	66.381483	-7.472796	0.454819	14.254807
5599	6507.139970	73.268895	-11.429201	0.500702	13.991514
5601	6509.217425	64.109005	-8.340225	0.426601	13.700362
5603	6511.294589	72.594040	8.207928	0.434872	14.118894
5605	6513.371914	64.024476	-8.443296	0.423326	13.824646
5607	6515.448161	72.597594	8.337220	0.434613	14.282678
5609	6517.524283	66.552421	-7.281848	0.451069	13.987092
5611	6519.601983	65.221018	-8.375849	0.431711	14.422727
5613	6521.678750	64.900897	-8.275881	0.434309	14.460531
5615	6523.755922	74.026294	-9.582903	0.488061	14.241493
5617	6525.832470	66.494280	-7.272681	0.447890	14.002112
5619	6527.909383	72.758346	-11.823332	0.500861	14.248093
5621	6529.985821	63.841255	-8.416664	0.419517	14.029111
5623	6532.061926	66.579356	-7.217422	0.447757	14.695457
5625	6534.137647	67.017465	-7.010412	0.429800	14.476729
5627	6536.213168	74.046516	8.423618	0.420529	13.954500
5629	6538.288612	73.036657	8.609086	0.421287	14.588827
5631	6540.364183	72.398546	7.882969	0.415878	14.034378
5633	6542.440087	72.631197	7.963078	0.418584	14.280894
5635	6544.516190	66.496400	-6.932743	0.439293	14.170696
5637	6546.593075	63.272676	-8.073800	0.430845	14.496272
5639	6548.670099	71.607383	-10.454826	0.472098	13.932097
5641	6550.746762	66.404918	-7.013189	0.439005	13.947636
5643	6552.824502	66.208978	-6.811669	0.418870	13.959751
5645	6554.902589	68.622633	-8.904673	0.389928	14.288336
5647	6556.980939	66.792246	-6.713809	0.417874	14.597435
5649	6559.059017	73.141303	8.305807	0.418643	14.425452
5651	6561.136704	66.286613	-6.835372	0.432375	13.987058
5653	6563.214679	71.176223	-8.996374	0.461012	14.057360
5655	6565.291412	72.304634	7.773828	0.417838	14.567953
5657	6567.368868	72.665834	7.227712	0.410805	14.639880
5659	6569.445798	68.378279	-8.798584	0.375334	14.548423
5661	6571.522575	71.066693	-9.255105	0.471708	14.171191
5663	6573.599325	72.472927	7.676777	0.413220	14.502122
5665	6575.675565	66.539302	-6.647266	0.429394	13.982148
5667	6577.753171	66.380914	-6.595401	0.427212	14.597403
5669	6579.829547	71.438393	-6.563998	0.465694	14.118518
5671	6581.906241	67.508799	-8.525021	0.378493	14.293370
5673	6583.982481	63.915407	-7.678063	0.418609	14.112930
5675	6586.058505	64.857031	-7.827399	0.415928	14.017047
5677	6588.134622	66.900214	-6.568007	0.407445	14.631941
5679	6590.209809	63.693657	-7.658262	0.397490	14.259176
5681	6592.285319	66.469868	-6.535858	0.422738	14.150363
5683	6594.361678	72.224570	-10.564085	0.460146	14.243048
5685	6596.437768	68.860506	-8.525514	0.377730	14.099872
5687	6598.513853	68.702398	-9.480498	0.456668	14.127860
5689	6600.590865	66.524597	-6.628787	0.421261	14.232614
5691	6602.667884	64.707623	-7.425591	0.412287	14.158778
5693	6604.745299	71.815328	-10.163071	0.448153	14.409862
5695	6606.823122	64.997763	-8.169469	0.381682	14.353966
5697	6608.901001	69.621508	-9.959459	0.448325	14.180291
5699	6610.979033	73.056795	7.340521	0.401409	14.556731
5701	6613.056259	73.799389	7.430620	0.399861	14.068635
5703	6615.133925	72.891129	8.066242	0.399820	14.746946
5705	6617.211545	64.133198	-7.446093	0.388230	14.026360
5707	6619.288367	63.909175	-7.582680	0.386768	14.565665
5709	6621.365912	67.338056	-8.358029	0.360422	14.838855
5711	6623.442419	72.682557	-11.222611	0.460938	14.094562
5713	6625.519391	73.366834	7.349498	0.394625	14.410221
5715	6627.596141	66.616079	-6.335801	0.411727	14.541003
5717	6629.672794	66.760672	-6.228000	0.397538	14.682895
5719	6631.749758	68.537763	-8.240332	0.357311	14.462452
5721	6633.826718	66.701439	-6.257954	0.391633	14.703905
5723	6635.902764	73.048671	7.368536	0.394840	14.289611
5725	6637.978967	63.781415	-7.368725	0.384784	14.237444
5727	6640.055454	73.617893	7.283290	0.392146	14.027711
5729	6642.130788	66.463241	-6.301423	0.406095	14.198740
5731	6644.206929	69.701594	-8.517921	0.432144	14.381769
5733	6646.282621	63.751080	-7.075743	0.380539	14.132724
5735	6648.358326	67.285658	-8.007712	0.356839	14.040556
5737	6650.435167	64.994510	-7.382490	0.393930	14.691534
5739	6652.511374	64.521092	-7.317792	0.393881	14.512105
5741	6654.588407	71.322993	-9.894667	0.428084	14.582175
5743	6656.665432	66.266524	-6.096546	0.400413	14.786251
5745	6658.743003	72.202698	-9.950336	0.427663	14.325315
5747	6660.821160	61.954795	-7.166148	0.367057	14.383911
5749	6662.899110	64.817910	-6.860613	0.374712	14.354459
5751	6664.977031	72.804284	7.121621	0.382049	14.319783
5753	6667.054951	66.517870	-6.176333	0.396681	14.470107
5755	6669.132121	71.443216	-9.854094	0.424833	14.240558
5757	6671.209623	63.399160	-7.182503	0.370606	14.209228
5759	6673.286428	72.658433	6.923587	0.381576	14.652687
5761	6675.363498	63.804967	-7.154569	0.372157	14.402125
5763	6677.440345	66.544707	-6.080537	0.393879	14.238316
5765	6679.516869	64.998109	-7.230927	0.379574	14.487506
5767	6681.593681	64.600485	-7.604979	0.368596	14.745797
5769	6683.670593	65.027837	-7.060070	0.379245	14.294494
5771	6685.747408	66.767650	-5.927371	0.380222	14.491428
5773	6687.823898	66.242217	-5.923303	0.388452	14.861080
5775	6689.900094	66.348310	-5.916027	0.389926	14.339709
5777	6691.976027	66.995075	-5.883008	0.373767	14.548320
5779	6694.051726	63.910697	-6.776537	0.367481	14.438258
5781	6696.128053	68.282927	-7.788341	0.342418	13.929395
5783	6698.203802	67.171749	-5.910863	0.368497	13.938071
5785	6700.279958	67.929652	-7.815334	0.344286	14.534123
5787	6702.355752	66.094692	-5.772657	0.369132	14.764778
5789	6704.432132	66.648297	-5.997137	0.387254	14.895894
5791	6706.509019	65.102499	-6.963187	0.376797	14.183931
5793	6708.586352	64.763493	-7.083944	0.375221	14.309288
5795	6710.663551	64.057089	-6.943659	0.377153	14.763101
5797	6712.741461	66.862042	-5.762665	0.365244	14.241384
